0.000000000000000229993115054120
0.000000000000000229735685800463
0.000000000000000228964651803306
0.000000000000000227683766861096
0.000000000000000225899262385089
0.000000000000000223619810219570
0.000000000000000220856470987056
0.000000000000000217622628350720
0.000000000000000213933909691759
0.000000000000000209808093800059
0.000000000000000205265006271387
0.000000000000000200326403392531
0.000000000000000195015845376517
0.000000000000000189358559882593
0.000000000000000183381296819383
0.000000000000000177112175484062
0.000000000000000170580525135058
0.000000000000000163816720130520
0.000000000000000156852010789236
0.000000000000000149718351144918
0.000000000000000142448224768779
0.000000000000000135074469829246
0.000000000000000127630104541792
0.000000000000000120148154136567
0.000000000000000112661480437179
0.000000000000000105202615101267
0.000000000000000097803597522891
0.000000000000000090495818339061
0.000000000000000083309869418608
0.000000000000000076275401141855
0.000000000000000069420987705041
0.000000000000000062774001105012
0.000000000000000056360494378192
0.000000000000000050205094584154
0.000000000000000044330905939126
0.000000000000000038759423419237
0.000000000000000033510457068228
0.000000000000000028602067160322
0.000000000000000024050510286840
0.000000000000000019870196355628
0.000000000000000016073656416035
0.000000000000000012671521149670
0.000000000000000009672509798979
0.000000000000000007083429242229
0.000000000000000004909182865218
0.000000000000000003152788827150
0.000000000000000001815407270988
0.000000000000000000896375987250
0.000000000000000000393254004855
0.000000000000000000301872553241
0.000000000000000000616392816496
0.000000000000000001329369882678
0.000000000000000002431822279554
0.000000000000000003913306481656
0.000000000000000005761995772356
0.000000000000000007964762848560
0.000000000000000010507265564122
0.000000000000000013374035220893
0.000000000000000016548566833112
0.000000000000000020013410811185
0.000000000000000023750265534368
0.000000000000000027740070308130
0.000000000000000031963098230565
0.000000000000000036399048522709
0.000000000000000041027137909688
0.000000000000000045826190672807
0.000000000000000050774727026612
0.000000000000000055851049509333
0.000000000000000061033327109499
0.000000000000000066299676885645
0.000000000000000071628242869631
0.000000000000000076997272076824
0.000000000000000082385187478043
0.000000000000000087770657818554
0.000000000000000093132664198244
0.000000000000000098450563354321
0.000000000000000103704147613267
0.000000000000000108873701502264
0.000000000000000113940055031757
0.000000000000000118884633680216
0.000000000000000123689505129396
0.000000000000000128337422813531
0.000000000000000132811866358815
0.000000000000000137097079000358
0.000000000000000141178102072518
0.000000000000000145040806675140
0.000000000000000148671922622883
0.000000000000000152059064787547
0.000000000000000155190756944177
0.000000000000000158056453230857
0.000000000000000160646557329594
0.000000000000000162952439471645
0.000000000000000164966451365158
0.000000000000000166681939136275
0.000000000000000168093254366862
0.000000000000000169195763303109
0.000000000000000169985854299346
0.000000000000000170460943550769
0.000000000000000170619479157519
