0.000000000000000011433293392407
0.000000000000000011421195573940
0.000000000000000011384954915371
0.000000000000000011324729555638
0.000000000000000011240782222483
0.000000000000000011133478981542
0.000000000000000011003287494688
0.000000000000000010850774797160
0.000000000000000010676604605626
0.000000000000000010481534171874
0.000000000000000010266410699242
0.000000000000000010032167341242
0.000000000000000009779818803999
0.000000000000000009510456576214
0.000000000000000009225243812224
0.000000000000000008925409895478
0.000000000000000008612244711309
0.000000000000000008287092659238
0.000000000000000007951346436223
0.000000000000000007606440623266
0.000000000000000007253845108544
0.000000000000000006895058380821
0.000000000000000006531600727256
0.000000000000000006165007369893
0.000000000000000005796821575079
0.000000000000000005428587769804
0.000000000000000005061844698556
0.000000000000000004698118653617
0.000000000000000004338916810974
0.000000000000000003985720703003
0.000000000000000003639979857978
0.000000000000000003303105635149
0.000000000000000002976465282717
0.000000000000000002661376244480
0.000000000000000002359100739237
0.000000000000000002070840635282
0.000000000000000001797732640463
0.000000000000000001540843826320
0.000000000000000001301167502851
0.000000000000000001079619458405
0.000000000000000000877034577128
0.000000000000000000694163844298
0.000000000000000000531671747795
0.000000000000000000390134081871
0.000000000000000000270036157313
0.000000000000000000171771420060
0.000000000000000000095640478368
0.000000000000000000041850536650
0.000000000000000000010515232297
0.000000000000000000001654869947
0.000000000000000000015197045983
0.000000000000000000050977654424
0.000000000000000000108742263810
0.000000000000000000188147853296
0.000000000000000000288764894806
0.000000000000000000410079766917
0.000000000000000000551497484997
0.000000000000000000712344731164
0.000000000000000000891873166722
0.000000000000000001089263008974
0.000000000000000001303626853646
0.000000000000000001534013723604
0.000000000000000001779413324123
0.000000000000000002038760484595
0.000000000000000002310939766365
0.000000000000000002594790216219
0.000000000000000002889110245010
0.000000000000000003192662610951
0.000000000000000003504179487236
0.000000000000000003822367593831
0.000000000000000004145913373579
0.000000000000000004473488193081
0.000000000000000004803753549236
0.000000000000000005135366262756
0.000000000000000005466983640503
0.000000000000000005797268589031
0.000000000000000006124894662297
0.000000000000000006448551027131
0.000000000000000006766947330719
0.000000000000000007078818454983
0.000000000000000007382929143469
0.000000000000000007678078487029
0.000000000000000007963104255312
0.000000000000000008236887061787
0.000000000000000008498354350726
0.000000000000000008746484195343
0.000000000000000008980308896933
0.000000000000000009198918375642
0.000000000000000009401463344133
0.000000000000000009587158256175
0.000000000000000009755284022835
0.000000000000000009905190489631
0.000000000000000010036298668699
0.000000000000000010148102720670
0.000000000000000010240171681599
0.000000000000000010312150930948
0.000000000000000010363763397232
0.000000000000000010394810498589
0.000000000000000010405172816137
