0.000000000000003031075029203954
0.000000000000003026892209591492
0.000000000000003014372157692668
0.000000000000002993599819768401
0.000000000000002964715861221453
0.000000000000002927915311186083
0.000000000000002883445689031541
0.000000000000002831604636399932
0.000000000000002772737084504017
0.000000000000002707231992049962
0.000000000000002635518694238222
0.000000000000002558062907758493
0.000000000000002475362440468435
0.000000000000002387942657480441
0.000000000000002296351757639290
0.000000000000002201155915833146
0.000000000000002102934347232564
0.000000000000002002274349402190
0.000000000000001899766377297216
0.000000000000001795999204473143
0.000000000000001691555221447921
0.000000000000001587005919114870
0.000000000000001482907601478372
0.000000000000001379797367845020
0.000000000000001278189400030571
0.000000000000001178571585222012
0.000000000000001081402499952219
0.000000000000000987108775290646
0.000000000000000896082857916312
0.000000000000000808681176305339
0.000000000000000725222715917831
0.000000000000000645988002086199
0.000000000000000571218484361247
0.000000000000000501116311428459
0.000000000000000435844481421986
0.000000000000000375527348585903
0.000000000000000320251463800762
0.000000000000000270066723537753
0.000000000000000224987799343406
0.000000000000000184995818005504
0.000000000000000150040261107836
0.000000000000000120041051740962
0.000000000000000094890795683935
0.000000000000000074457144386149
0.000000000000000058585247531394
0.000000000000000047100263824147
0.000000000000000039809899863345
0.000000000000000036506948519744
0.000000000000000036971800065526
0.000000000000000040974901373288
0.000000000000000048279140759613
0.000000000000000058642138449846
0.000000000000000071818425140177
0.000000000000000087561493687169
0.000000000000000105625711522089
0.000000000000000125768083929514
0.000000000000000147749860811518
0.000000000000000171337981948891
0.000000000000000196306358041751
0.000000000000000222436986940187
0.000000000000000249520906441792
0.000000000000000277358986822043
0.000000000000000305762567864254
0.000000000000000334553946561060
0.000000000000000363566722865573
0.000000000000000392646011877265
0.000000000000000421648531658490
0.000000000000000450442576497993
0.000000000000000478907885876242
0.000000000000000506935419654284
0.000000000000000534427050115294
0.000000000000000561295181449577
0.000000000000000587462307104154
0.000000000000000612860515132498
0.000000000000000637430951294225
0.000000000000000661123249184361
0.000000000000000683894936132995
0.000000000000000705710823023736
0.000000000000000726542385548310
0.000000000000000746367143758589
0.000000000000000765168046109352
0.000000000000000782932863516976
0.000000000000000799653598301874
0.000000000000000815325912245269
0.000000000000000829948577382217
0.000000000000000843522952579496
0.000000000000000856052488415031
0.000000000000000867542262389117
0.000000000000000877998546060307
0.000000000000000887428405312342
0.000000000000000895839334623925
0.000000000000000903238925930300
0.000000000000000909634572433384
0.000000000000000915033207533573
0.000000000000000919441078918381
0.000000000000000922863557747291
0.000000000000000925304982814094
0.000000000000000926768539542973
0.000000000000000927256173677095
