0.000000000000421292620835121600
0.000000000000418847034058805548
0.000000000000411583539853517535
0.000000000000399718749415227809
0.000000000000383603230513746851
0.000000000000363706425743213176
0.000000000000340596688413075210
0.000000000000314917498665387355
0.000000000000287361107736550626
0.000000000000258640966723196110
0.000000000000229464322616864015
0.000000000000200506309232288737
0.000000000000172386729921382608
0.000000000000145650533467603235
0.000000000000120752739064852882
0.000000000000098048288320340638
0.000000000000077787010693281418
0.000000000000060113602594105124
0.000000000000045072257083225048
0.000000000000032615355777663934
0.000000000000022615458828298056
0.000000000000014879710269836815
0.000000000000009165717968111689
0.000000000000005197968856311494
0.000000000000002683896361112663
0.000000000000001328819834596198
0.000000000000000849114975953665
0.000000000000000983137709018940
0.000000000000001499599310713883
0.000000000000002203265679946421
0.000000000000002938017601058819
0.000000000000003587452620069624
0.000000000000004073325912880360
0.000000000000004352212980679007
0.000000000000004410829386441808
0.000000000000004260462646708739
0.000000000000003930961474396375
0.000000000000003464692128544824
0.000000000000002910816109613615
0.000000000000002320173921731269
0.000000000000001740982322179929
0.000000000000001215473305978012
0.000000000000000777527275974357
0.000000000000000451284738769762
0.000000000000000250663657326453
0.000000000000000179665331698936
0.000000000000000233321281639925
0.000000000000000399116945299206
0.000000000000000658724087793167
0.000000000000000989880954847175
0.000000000000001368275269293536
0.000000000000001769307761739546
0.000000000000002169640609486749
0.000000000000002548463606897350
0.000000000000002888439036804613
0.000000000000003176312336833590
0.000000000000003403198443211164
0.000000000000003564572259882077
0.000000000000003660005567666109
0.000000000000003692701756981192
0.000000000000003668884256986047
0.000000000000003597094913073765
0.000000000000003487455480590223
0.000000000000003350939608914649
0.000000000000003198694980578334
0.000000000000003041446422602214
0.000000000000002889001537562129
0.000000000000002749871330608863
0.000000000000002631009939642724
0.000000000000002537670285968408
0.000000000000002473366501422794
0.000000000000002439929484391701
0.000000000000002437638913634433
0.000000000000002465413438098199
0.000000000000002521040425393049
0.000000000000002601427403574570
0.000000000000002702858951726178
0.000000000000002821245052680412
0.000000000000002952349586237269
0.000000000000003091990498138189
0.000000000000003236206037667442
0.000000000000003381384154694662
0.000000000000003524354559573806
0.000000000000003662444987086501
0.000000000000003793504814598678
0.000000000000003915900343948526
0.000000000000004028486774819050
0.000000000000004130562207591227
0.000000000000004221808968266346
0.000000000000004302227212858400
0.000000000000004372065217390833
0.000000000000004431750068367113
0.000000000000004481821710805804
0.000000000000004522872553212863
0.000000000000004555494127359337
0.000000000000004580231698580774
0.000000000000004597547248024709
0.000000000000004607790915110428
0.000000000000004611180794820081
