0.000000000000000010653610626815
0.000000000000000010642345569856
0.000000000000000010608599493393
0.000000000000000010552519447495
0.000000000000000010474349739635
0.000000000000000010374430775177
0.000000000000000010253197442912
0.000000000000000010111177054453
0.000000000000000009948986848676
0.000000000000000009767331074761
0.000000000000000009566997669612
0.000000000000000009348854547599
0.000000000000000009113845522569
0.000000000000000008862985884001
0.000000000000000008597357650890
0.000000000000000008318104528595
0.000000000000000008026426595288
0.000000000000000007723574745936
0.000000000000000007410844922818
0.000000000000000007089572162536
0.000000000000000006761124490145
0.000000000000000006426896691630
0.000000000000000006088303996257
0.000000000000000005746775700532
0.000000000000000005403748765443
0.000000000000000005060661418485
0.000000000000000004718946791544
0.000000000000000004380026625213
0.000000000000000004045305069320
0.000000000000000003716162608621
0.000000000000000003393950141544
0.000000000000000003079983238710
0.000000000000000002775536606631
0.000000000000000002481838780602
0.000000000000000002200067069223
0.000000000000000001931342771399
0.000000000000000001676726684946
0.000000000000000001437214924144
0.000000000000000001213735061761
0.000000000000000001007142609182
0.000000000000000000818217846370
0.000000000000000000647663011463
0.000000000000000000496099857874
0.000000000000000000364067584837
0.000000000000000000252021145429
0.000000000000000000160329934225
0.000000000000000000089276854883
0.000000000000000000039057766189
0.000000000000000000009781303341
0.000000000000000000001469069577
0.000000000000000000014056191669
0.000000000000000000047392231283
0.000000000000000000101242442779
0.000000000000000000175289366672
0.000000000000000000269134746764
0.000000000000000000382301757766
0.000000000000000000514237529223
0.000000000000000000664315950599
0.000000000000000000831840741530
0.000000000000000001016048770528
0.000000000000000001216113604795
0.000000000000000001431149273242
0.000000000000000001660214224417
0.000000000000000001902315460668
0.000000000000000002156412829671
0.000000000000000002421423454247
0.000000000000000002696226281391
0.000000000000000002979666731381
0.000000000000000003270561428006
0.000000000000000003567702991049
0.000000000000000003869864872451
0.000000000000000004175806217850
0.000000000000000004484276735543
0.000000000000000004794021555362
0.000000000000000005103786060351
0.000000000000000005412320674693
0.000000000000000005718385591811
0.000000000000000006020755427179
0.000000000000000006318223780938
0.000000000000000006609607696050
0.000000000000000006893751998342
0.000000000000000007169533505452
0.000000000000000007435865092336
0.000000000000000007691699601676
0.000000000000000007936033588192
0.000000000000000008167910886529
0.000000000000000008386425993074
0.000000000000000008590727252722
0.000000000000000008780019842275
0.000000000000000008953568542821
0.000000000000000009110700294076
0.000000000000000009250806524359
0.000000000000000009373345250449
0.000000000000000009477842942253
0.000000000000000009563896147813
0.000000000000000009631172874782
0.000000000000000009679413725139
0.000000000000000009708432780476
0.000000000000000009718118235815
