0.000000000049824387183984020642
0.000000000048212488310787546013
0.000000000043660614710293193588
0.000000000036945175614089360290
0.000000000029135521481163370684
0.000000000021335930146010474413
0.000000000014449788219534146165
0.000000000009030599883277408820
0.000000000005247403887970748021
0.000000000002951048665182878797
0.000000000001798995280867907999
0.000000000001388498324303455595
0.000000000001359445171738775074
0.000000000001449568273877868779
0.000000000001505204724008376840
0.000000000001462885625890878708
0.000000000001319282109797835014
0.000000000001102537976755733772
0.000000000000851406356186993234
0.000000000000603232208035781571
0.000000000000388783378968938509
0.000000000000230811190988332706
0.000000000000143359935319094085
0.000000000000129988946417661116
0.000000000000181055431549433122
0.000000000000272314127918643971
0.000000000000367985194966677095
0.000000000000429991581339959448
0.000000000000431471600204290734
0.000000000000368870470757410120
0.000000000000265652351952208574
0.000000000000163646042022886264
0.000000000000104358554185068818
0.000000000000108846688289511600
0.000000000000166867588966160264
0.000000000000241996272197249450
0.000000000000290864508739947647
0.000000000000286405344544335500
0.000000000000232100382409509722
0.000000000000158928268128379874
0.000000000000106626560811952994
0.000000000000100214827487812403
0.000000000000135728559614180879
0.000000000000183700292784938777
0.000000000000208179347389392951
0.000000000000189522602359728608
0.000000000000136783135418329526
0.000000000000081909518887536953
0.000000000000059302974493179661
0.000000000000083530855590201094
0.000000000000139314696766534906
0.000000000000190352648347531341
0.000000000000201738535929719807
0.000000000000162082841140296995
0.000000000000091418168207346048
0.000000000000029694635176324154
0.000000000000012739562072675377
0.000000000000050420171509491933
0.000000000000120456341721679435
0.000000000000181667799785211618
0.000000000000198450640388446811
0.000000000000161458350967446173
0.000000000000092031959219320782
0.000000000000028174160671162944
0.000000000000001271369587413975
0.000000000000018164633206865094
0.000000000000059288677298497858
0.000000000000093108776977386141
0.000000000000096817555364966993
0.000000000000069765878946127483
0.000000000000031459130708844912
0.000000000000006442004991782894
0.000000000000007013104820299153
0.000000000000025769838212943842
0.000000000000042869619559984081
0.000000000000042471285919064931
0.000000000000026217498131199338
0.000000000000013459472839191869
0.000000000000027162513532236372
0.000000000000074905106609066849
0.000000000000138831386197671544
0.000000000000183352034810067527
0.000000000000177647393060760883
0.000000000000119182542426099002
0.000000000000041988909895938600
0.000000000000001795326868150926
0.000000000000044587828768213634
0.000000000000176805418015070662
0.000000000000356304418859268502
0.000000000000511972430730379496
0.000000000000582672556773842760
0.000000000000553467555309853361
0.000000000000467065228046994324
0.000000000000401933354767383870
0.000000000000428026641758156028
0.000000000000564986014541404930
0.000000000000767359112891000527
0.000000000000946497501686854748
0.000000000001017727908556216655
