0.000000077956470767854806407230
0.000000006250934114021483665869
0.000000001994668820667056866738
0.000000000083207391262767494838
0.000000000335515900208785640679
0.000000000040722019341239317429
0.000000000112558843323981928619
0.000000000050981576791646762142
0.000000000127949651522053918538
0.000000000060130982448040712979
0.000000000052400799770540393158
0.000000000116596148118627693241
0.000000000052503847699918291043
0.000000000050114427835237582786
0.000000000058471321685994038798
0.000000000043660558046328175950
0.000000000064982492113473045634
0.000000000063668403797241146848
0.000000000028321252583436346187
0.000000000032423118098789256176
0.000000000043315890930959245869
0.000000000028464431745902061936
0.000000000025665908219170133859
0.000000000040651643893962562665
0.000000000046284164190417740015
0.000000000027394316107716631127
0.000000000015809881007766796863
0.000000000019397808978817365759
0.000000000023657183176708340202
0.000000000019800698304127144622
0.000000000011105776228325923407
0.000000000009137984671134595577
0.000000000008770226872229678520
0.000000000011451090243693152507
0.000000000014008996610909904253
0.000000000012817416204019175633
0.000000000009598427303850539870
0.000000000005638895738877270762
0.000000000004808042105580767650
0.000000000007512836881396870746
0.000000000009186989082083443728
0.000000000009202130569118830681
0.000000000008182409906250253864
0.000000000005093966551693195881
0.000000000001744448013693213453
0.000000000001902491865686525265
0.000000000004487535639173745026
0.000000000005083177108586259661
0.000000000003536670224522351102
0.000000000003033726751323163824
0.000000000003062933615654680883
0.000000000001401499437506258496
0.000000000000228574050673527845
0.000000000001391311398786659788
0.000000000001909802029186335391
0.000000000000811631493800047557
0.000000000001199037363319098436
0.000000000002304819673519590336
0.000000000001231193739212175277
0.000000000000112757561553125861
0.000000000000788791438210466898
0.000000000000523735029745361603
0.000000000000069572820850845604
0.000000000001195575676750538307
0.000000000000829380002284812950
0.000000000000214197625453417259
0.000000000001797226067698635427
0.000000000001436444568275112398
0.000000000000024521150581361303
0.000000000000625189567829229271
0.000000000000356336004694666735
0.000000000000582666830833271889
0.000000000000849578280877660801
0.000000000000108882490348706212
0.000000000002252675747443123355
0.000000000001573082292088942680
0.000000000000235430337077772897
0.000000000001770160491059188621
0.000000000000571746294447154872
0.000000000000213753517993231935
0.000000000000146998350284932582
0.000000000003171428600569236725
0.000000000001236581831037570905
0.000000000002638964404857509914
0.000000000000835562749913996640
0.000000000002749875781422316282
0.000000000009865395414214342852
0.000000000002471591776622174880
0.000000000000592544447173221289
0.000000000009338866060278066373
0.000000000002105643355358788440
0.000000000015776142997896957087
0.000000000022242097553823312508
0.000000000018310232844603224533
0.000000000051153878049509230083
0.000000000000130123357941709938
0.000000000001128564403998100251
0.000000000162368168200685577409
0.000000000023110569283059832743
