0.000000000000000660674639339534
0.000000000000000659898187125346
0.000000000000000657572961141555
0.000000000000000653711324627493
0.000000000000000648333787454317
0.000000000000000641468863748025
0.000000000000000633152874379923
0.000000000000000623429696117336
0.000000000000000612350459703590
0.000000000000000599973199586312
0.000000000000000586362458431763
0.000000000000000571588849945672
0.000000000000000555728583863752
0.000000000000000538862957274220
0.000000000000000521077816687237
0.000000000000000502462995470049
0.000000000000000483111731419912
0.000000000000000463120069348916
0.000000000000000442586253605057
0.000000000000000421610115452971
0.000000000000000400292460186491
0.000000000000000378734458745410
0.000000000000000357037048462717
0.000000000000000335300347378949
0.000000000000000313623086330424
0.000000000000000292102062751676
0.000000000000000270831619833532
0.000000000000000249903154351198
0.000000000000000229404656126180
0.000000000000000209420281716443
0.000000000000000190029964545840
0.000000000000000171309063291278
0.000000000000000153328049949089
0.000000000000000136152238605346
0.000000000000000119841555542822
0.000000000000000104450350934124
0.000000000000000090027252000277
0.000000000000000076615057160234
0.000000000000000064250670362672
0.000000000000000052965074479937
0.000000000000000042783342357511
0.000000000000000033724683852906
0.000000000000000025802526967091
0.000000000000000019024630970506
0.000000000000000013393229255196
0.000000000000000008905199504915
0.000000000000000005552258666110
0.000000000000000003321180124061
0.000000000000000002194030439352
0.000000000000000002148422979104
0.000000000000000003157785783763
0.000000000000000005191641041875
0.000000000000000008215893600578
0.000000000000000012193126016308
0.000000000000000017082897746424
0.000000000000000022842046195816
0.000000000000000029424987460796
0.000000000000000036784014753376
0.000000000000000044869592640053
0.000000000000000053630645388242
0.000000000000000063014837878249
0.000000000000000072968847707057
0.000000000000000083438627280247
0.000000000000000094369654858088
0.000000000000000105707173689605
0.000000000000000117396418532560
0.000000000000000129382829016410
0.000000000000000141612249458108
0.000000000000000154031114886076
0.000000000000000166586623164782
0.000000000000000179226893240406
0.000000000000000191901109646473
0.000000000000000204559653516576
0.000000000000000217154220449167
0.000000000000000229637925656670
0.000000000000000241965396907817
0.000000000000000254092855838235
0.000000000000000265978188260053
0.000000000000000277581004146998
0.000000000000000288862688007310
0.000000000000000299786440383446
0.000000000000000310317311235173
0.000000000000000320422225971999
0.000000000000000330070004902318
0.000000000000000339231376860809
0.000000000000000347878987763007
0.000000000000000355987404817174
0.000000000000000363533117099155
0.000000000000000370494533166361
0.000000000000000376851976352890
0.000000000000000382587678349611
0.000000000000000387685771631169
0.000000000000000392132281246939
0.000000000000000395915116445161
0.000000000000000399024062549424
0.000000000000000401450773454528
0.000000000000000403188765054968
0.000000000000000404233409864129
0.000000000000000404581933025996
