0.000000103939748614904628891588
0.000000008749574140123344050464
0.000000000721924924496431926612
0.000000000726898993584388444994
0.000000000154673603710223438741
0.000000000142253186140569099594
0.000000000156885889567715314609
0.000000000048316904520191919009
0.000000000112667253646982076635
0.000000000060638015129896302330
0.000000000101581489146130618611
0.000000000064668464094912823107
0.000000000047895526380003865046
0.000000000107570579682853726972
0.000000000070998014074379399911
0.000000000026346296987418508178
0.000000000061001253971682075445
0.000000000076430264093309060684
0.000000000049049634445958804502
0.000000000031223682643254569508
0.000000000047434037805351938578
0.000000000046923168912607649454
0.000000000028570747087040444567
0.000000000016891864286366104947
0.000000000027299708766967733247
0.000000000037835287771815936212
0.000000000040098790162109804932
0.000000000030022984632319142876
0.000000000024861441715780037816
0.000000000019044939595855390135
0.000000000014195614908725303387
0.000000000012071032639077120428
0.000000000011317306879664721670
0.000000000014547671053232811412
0.000000000015091494926004991288
0.000000000011093786121928251379
0.000000000007356518278123542292
0.000000000004658048384667285062
0.000000000003205990548922260067
0.000000000003921809850622479807
0.000000000005956366856516797248
0.000000000007966347122266676818
0.000000000008920303334743043546
0.000000000007712180133935514395
0.000000000005160597849261360846
0.000000000003451209262273361571
0.000000000003062249757553146580
0.000000000002393735738289217768
0.000000000001235623900290393678
0.000000000001364464357021575652
0.000000000002748375942603680272
0.000000000002917642442431611502
0.000000000001513125793073140714
0.000000000001030045018176544914
0.000000000002251561802465191671
0.000000000002442061050572116963
0.000000000001009573603507430345
0.000000000000692528592969484788
0.000000000001953834783587100774
0.000000000001938816190377351631
0.000000000000432683033095547497
0.000000000000230283426511454730
0.000000000000914835711869539453
0.000000000000483907561416130371
0.000000000000142352515078934560
0.000000000000636016202596562632
0.000000000000274735371550508469
0.000000000000250937683647886497
0.000000000001627554218081592302
0.000000000001135939369016925028
0.000000000000224254369030864019
0.000000000002254654610326552777
0.000000000002048268932640192639
0.000000000000196694410747908568
0.000000000002053960310011474427
0.000000000001729816523567964979
0.000000000000015114587390667194
0.000000000001163787309640324032
0.000000000000818691863929709172
0.000000000000189132503886355765
0.000000000000231811279676371261
0.000000000001219886733773334145
0.000000000002002295658128176364
0.000000000002727586795718637412
0.000000000010040751695409316607
0.000000000002745326097038195954
0.000000000001507393468252325739
0.000000000005744936228149994040
0.000000000005608471099358513418
0.000000000000778336154941359675
0.000000000013730636653125047794
0.000000000028990349476815468036
0.000000000003609869245651436614
0.000000000020093694518976152071
0.000000000009408707542561672048
0.000000000002629765039767375946
0.000000000001691051323551647648
0.000000000171654254368423126591
0.000000000024114098014132417992
