0.000000104497890961301687212885
0.000000005678480408616551577568
0.000000002074913815392624544533
0.000000000135119538761344143651
0.000000000478249124777590580298
0.000000000132016134037441068159
0.000000000093127514368063066057
0.000000000180496572641460918513
0.000000000045971329081847533222
0.000000000109439380879859315545
0.000000000074501833843391057955
0.000000000065636843055683148225
0.000000000110278388369467671133
0.000000000065553381094946365236
0.000000000037469578230182524587
0.000000000075224288819396177376
0.000000000086285062472037155874
0.000000000048759009950532187558
0.000000000033757859797989169563
0.000000000050899690353656232598
0.000000000050714886100693169246
0.000000000037740415676792751187
0.000000000026011636739502440438
0.000000000034475040438445784435
0.000000000040243830368111879631
0.000000000038365800880764097491
0.000000000028447607101090651504
0.000000000019658930334916585614
0.000000000019798883896789118290
0.000000000018803405971832403778
0.000000000019054098653500706498
0.000000000017240467407500048289
0.000000000014719025847336119934
0.000000000015484141137259465881
0.000000000014651665141863304555
0.000000000011319227018836337906
0.000000000008813584148114793250
0.000000000007006566619649776181
0.000000000005651447787027433949
0.000000000005519439068077726955
0.000000000005824841027475769581
0.000000000006052872420109673506
0.000000000006627807790257819095
0.000000000007259844781977785679
0.000000000006553086854348991027
0.000000000004267154205938655612
0.000000000002240752343915618340
0.000000000001723536220275598711
0.000000000001831096030622037512
0.000000000001193265536024786862
0.000000000000280440040011155384
0.000000000000541345432593222871
0.000000000001540562557265086838
0.000000000001602456700079809937
0.000000000000561142112375835846
0.000000000000364593556580401551
0.000000000001302084578010304581
0.000000000001417328315948817296
0.000000000000325506425958502300
0.000000000000113529673090593871
0.000000000000912857261757924726
0.000000000000742403510919326467
0.000000000000058516795798786027
0.000000000000344782153963892662
0.000000000000684709387823055295
0.000000000000206494686855387768
0.000000000000284162801891807119
0.000000000000649485522305930334
0.000000000000172695310474553866
0.000000000000359401578282597865
0.000000000000892704430412176057
0.000000000000221374327272842076
0.000000000000307691400812054804
0.000000000000959776565981666823
0.000000000000340199251529542302
0.000000000000264004948581924114
0.000000000000694711090414582598
0.000000000000469966436543143306
0.000000000000326765680960499671
0.000000000000371120849442839860
0.000000000000950465937432578081
0.000000000000375090252447672733
0.000000000001345700530543922905
0.000000000001968905960759186718
0.000000000001271343514658201380
0.000000000000304149908029759986
0.000000000006777746533000856297
0.000000000003195215968864380021
0.000000000002499802156923252866
0.000000000006572919420909983548
0.000000000025254513094325012062
0.000000000010468412873566484149
0.000000000001133224480005623145
0.000000000018410991075943307708
0.000000000008662504931250803466
0.000000000003574734249507493599
0.000000000028119978843658026887
0.000000000125149225069442213708
0.000000000000769383712742205816
