0.000000010092180929658230059043
0.000000005422527006759776797366
0.000000000502389763169952278505
0.000000000070145199488002736526
0.000000000002481091934222569242
0.000000000110616790624045459025
0.000000000074528738066410992175
0.000000000008242944961150666927
0.000000000035514468066867822942
0.000000000027720047277724614647
0.000000000008014126555192555946
0.000000000037983721255816464618
0.000000000026679002189280202303
0.000000000017437264257138028260
0.000000000029828031591642609553
0.000000000010889320001805280380
0.000000000018550608758470436849
0.000000000016055356631291200939
0.000000000009718286945156844224
0.000000000015820798935263367833
0.000000000008710320744715218207
0.000000000013544306381436151385
0.000000000010359142601022949090
0.000000000009276101329174820924
0.000000000010638740871259354433
0.000000000008111382680750353677
0.000000000008569474271189665493
0.000000000007287388341138297339
0.000000000007110614425785888084
0.000000000006558089720946452523
0.000000000005316806765139534536
0.000000000006108765671052962666
0.000000000004315176191613936345
0.000000000004774534868461758289
0.000000000004233339124613071439
0.000000000003316322250343011601
0.000000000003852349292131619551
0.000000000002494752060523033112
0.000000000003078222415962533982
0.000000000002007998601896672159
0.000000000002374869031963796691
0.000000000001597917023629575811
0.000000000001877525737945142260
0.000000000001229283128660718472
0.000000000001613859343915196992
0.000000000000837859512188749513
0.000000000001499036931286329998
0.000000000000451493275596160235
0.000000000001324168624825208230
0.000000000000212564906082507422
0.000000000000960267408454927495
0.000000000000203048612231055189
0.000000000000470311584674107225
0.000000000000347083894568316489
0.000000000000153289055904023612
0.000000000000399106029960025500
0.000000000000216220635251807586
0.000000000000250164959001741869
0.000000000000396948122976017953
0.000000000000029671933109590186
0.000000000000319681708722982338
0.000000000000054220967985009596
0.000000000000069671683435281875
0.000000000000239752446599964680
0.000000000000019860246500374860
0.000000000000220407046425508650
0.000000000000142480666551886265
0.000000000000021121919605588758
0.000000000000148409621824887193
0.000000000000115821739049057406
0.000000000000107389832381476135
0.000000000000278286587709164833
0.000000000000088331654426707075
0.000000000000068904889935376734
0.000000000000091783283907675661
0.000000000000098754719742797939
0.000000000000187409493994485833
0.000000000000402681145116956867
0.000000000000100462381158693585
0.000000000000078381060351952465
0.000000000000171475792075516145
0.000000000000668982428661583875
0.000000000000028428485225760032
0.000000000001289187160624734357
0.000000000001284849948636202216
0.000000000001438294741358231730
0.000000000001026243029677610647
0.000000000001254868099127637269
0.000000000002858614800754654905
0.000000000000131939194777791152
0.000000000000040246273669410427
0.000000000005944421210670766939
0.000000000005956015887041724925
0.000000000003664167786760561179
0.000000000008744924079372266884
0.000000000000772647642958498415
0.000000000014439663894043498781
0.000000000002605564838008367940
0.000000000001173566237482609079
