0.000000036909147174021000318567
0.000000009683164953871043361229
0.000000000228499009896902091993
0.000000000002898552899384383412
0.000000000342773230578943309571
0.000000000000461342978812060371
0.000000000070800126694738332461
0.000000000070331555504085109696
0.000000000083076285358300100064
0.000000000038315605902458713394
0.000000000035087453630460566142
0.000000000055701518446666612221
0.000000000051246876925830389250
0.000000000040715243816405883716
0.000000000040756480115882265684
0.000000000022883115944962056503
0.000000000033729766057447606386
0.000000000023510130846092606587
0.000000000039445760839321257246
0.000000000024467117705505666437
0.000000000030625065671701860465
0.000000000022396454483652054866
0.000000000019148494494010692046
0.000000000018010670569202524907
0.000000000013382295886024250906
0.000000000016225518904748139384
0.000000000010417102905648098445
0.000000000015099413402347501947
0.000000000012152859436001930327
0.000000000009576247889505536661
0.000000000015724273704659838091
0.000000000007863497049790967340
0.000000000010138977525335730583
0.000000000011539912548745355335
0.000000000006529517850985538243
0.000000000007145152562339288226
0.000000000009234084365753038274
0.000000000004750408818722598910
0.000000000004781828896125352930
0.000000000006792421042675068542
0.000000000003646059879652988128
0.000000000002655480899060873764
0.000000000005323602107683648454
0.000000000002539951381300713771
0.000000000001834751304688696371
0.000000000003231970956100899036
0.000000000001888513681789598734
0.000000000001228025757073427344
0.000000000001423731487134873353
0.000000000002381282428158820111
0.000000000000525525653616834805
0.000000000001260752203929769000
0.000000000001961026391409518219
0.000000000000166223698675200514
0.000000000001041175414999550171
0.000000000000542065269366415686
0.000000000000755425352793180200
0.000000000000146975455554953209
0.000000000000900930533635322600
0.000000000000994508413599886331
0.000000000000073474749298544862
0.000000000000739264458867309288
0.000000000000114286349170752773
0.000000000000623020646271245773
0.000000000000025684292132603704
0.000000000001116876791024852815
0.000000000000211794042921256091
0.000000000000329346355628787534
0.000000000000015409689700658109
0.000000000000875239401418215672
0.000000000000326455159784858792
0.000000000000608181214330740156
0.000000000000146020424527791660
0.000000000000488004660364074666
0.000000000000217492838534069028
0.000000000001143383879841400415
0.000000000000198697236659857024
0.000000000000206499681827006386
0.000000000000378232484670037175
0.000000000001340350849048693348
0.000000000000237941507316889067
0.000000000000169567729347211437
0.000000000000363510431361156918
0.000000000003559173872801271421
0.000000000000729376826743269765
0.000000000000900845658431368838
0.000000000009683687835714814054
0.000000000000223302913774311702
0.000000000001135445629210238925
0.000000000001087523910552597958
0.000000000011500127960130612046
0.000000000006034455760724980765
0.000000000019684860918864776277
0.000000000003511170510795771825
0.000000000000318192810078343624
0.000000000030861474500735523850
0.000000000023696455321193752153
0.000000000022664414356842831869
0.000000000011908716286055114235
