0.000000057221674381363418874651
0.000000010379882139648631002528
0.000000000505839361078686351529
0.000000000229330880595145169428
0.000000000081677546062432595293
0.000000000122565037956558065390
0.000000000057415500147731976528
0.000000000119959986774080448009
0.000000000045979692143786190937
0.000000000057910427571743301745
0.000000000047144567404888713187
0.000000000090792332677910396872
0.000000000033716250080074464159
0.000000000053459205392495948884
0.000000000028270190396516693724
0.000000000054066434712052241812
0.000000000053344587640935680985
0.000000000030780795050154884155
0.000000000046855902040972582029
0.000000000023182951419463435701
0.000000000019845180970315642888
0.000000000035965745883310360844
0.000000000020486116529197106317
0.000000000022646736479476085609
0.000000000039737495611348296150
0.000000000023683539663595439246
0.000000000015117811038258442605
0.000000000023870635903735815240
0.000000000020196629312516859611
0.000000000009898649260084108769
0.000000000008997903036030529390
0.000000000011489290421534263940
0.000000000010882606340630498672
0.000000000005365565961910120681
0.000000000004952667404233011010
0.000000000008834210185979006588
0.000000000009385739100738016597
0.000000000003810817082848224261
0.000000000003871580791861824747
0.000000000007685698811908277861
0.000000000007384531316700357910
0.000000000004269972441594793664
0.000000000001992262068324638544
0.000000000004688192902922561680
0.000000000007389395200744006606
0.000000000003693334607584447920
0.000000000001169889339353209908
0.000000000003042749346618732602
0.000000000003183694506646212359
0.000000000002708513136870179038
0.000000000002426802880069048180
0.000000000000596439965934848722
0.000000000001563116642071424142
0.000000000002841619551164047802
0.000000000000990264722800360916
0.000000000001035397715826318923
0.000000000000925411992500335205
0.000000000000201174763235160215
0.000000000001874292647304652975
0.000000000001130539644911968176
0.000000000000272047355981154210
0.000000000000753901033376178643
0.000000000000002699510188300623
0.000000000001433201734769755674
0.000000000001315864637279493824
0.000000000000136106594103292596
0.000000000000590172860505530355
0.000000000000073960119771373000
0.000000000001556749771623661267
0.000000000000936572836401346767
0.000000000000382497540696864981
0.000000000000807823231517814902
0.000000000000403198708512251127
0.000000000001317661030520119790
0.000000000000294981485153651980
0.000000000001965645188849576935
0.000000000000667453432496752741
0.000000000000421384017274417845
0.000000000000134793566252113004
0.000000000003173364431508015378
0.000000000001935936071678061729
0.000000000000268750810824392951
0.000000000000255472158111656709
0.000000000005808288109600315741
0.000000000000822135031489944505
0.000000000000057661213988549059
0.000000000008992730002162124300
0.000000000000431140948250370188
0.000000000001836451443711768484
0.000000000006497352791322753779
0.000000000006579018344731974483
0.000000000023390301159389463309
0.000000000000020455915423596100
0.000000000004164443066343181015
0.000000000018629077335887701091
0.000000000056549765513441986969
0.000000000001277347961231032683
0.000000000037213250027005846345
0.000000000051002430151923557311
