0.000000000004158514640049438573
0.000000000004094553574647902777
0.000000000003907563298039716697
0.000000000003611717245360790564
0.000000000003229015641246433688
0.000000000002787061376585950427
0.000000000002316334426555438639
0.000000000001847287609883730446
0.000000000001407596721858480022
0.000000000001019864686136731365
0.000000000000700008732085754471
0.000000000000456463221784741688
0.000000000000290223272237263274
0.000000000000195651133631698327
0.000000000000161882143033929387
0.000000000000174610115520176659
0.000000000000218008539050961590
0.000000000000276553933703573970
0.000000000000336556475037421407
0.000000000000387262128937549880
0.000000000000421459799616968109
0.000000000000435595842964645026
0.000000000000429457608290503666
0.000000000000405530853925365983
0.000000000000368159515500567319
0.000000000000322640181013362004
0.000000000000274370287812143940
0.000000000000228142990737500436
0.000000000000187648316932411036
0.000000000000155205103848275012
0.000000000000131716043551998923
0.000000000000116812397948775885
0.000000000000109137597735654395
0.000000000000106710555140866464
0.000000000000107309482531181123
0.000000000000108823854069487145
0.000000000000109533946665259866
0.000000000000108292078033912755
0.000000000000104595252549543213
0.000000000000098553710507123885
0.000000000000090772461797851578
0.000000000000082172233664133426
0.000000000000073781697783684078
0.000000000000066534055089161216
0.000000000000061098117714533829
0.000000000000057767397853382998
0.000000000000056421239850605596
0.000000000000056560902593416529
0.000000000000057412147577452976
0.000000000000058075841327654350
0.000000000000057700766273452887
0.000000000000055649367355217043
0.000000000000051628154942047918
0.000000000000045759913365753644
0.000000000000038584023424401077
0.000000000000030982776792300802
0.000000000000024043779960328405
0.000000000000018879475018582705
0.000000000000016432632910358828
0.000000000000017300023829242299
0.000000000000021604642207433892
0.000000000000028939988074304421
0.000000000000038398945504693340
0.000000000000048686420155035742
0.000000000000058301219487153242
0.000000000000065760910648656066
0.000000000000069835545285250800
0.000000000000069753580054900899
0.000000000000065346593930405090
0.000000000000057108112269989369
0.000000000000046154699450060770
0.000000000000034092482768980548
0.000000000000022807043624840594
0.000000000000014206783712949378
0.000000000000009957463283239074
0.000000000000011247356918529737
0.000000000000018618056775674960
0.000000000000031886045827819832
0.000000000000050166327084605226
0.000000000000071993830234135352
0.000000000000095523505641348207
0.000000000000118778312222883953
0.000000000000139907554156765524
0.000000000000157417253261740624
0.000000000000170339512404756802
0.000000000000178318201375423051
0.000000000000181602027735164442
0.000000000000180950859935968979
0.000000000000177474619734998046
0.000000000000172433983006651422
0.000000000000167036964615582551
0.000000000000162264524540415437
0.000000000000158751904268823769
0.000000000000156741687032459470
0.000000000000156111480534552485
0.000000000000156465930462050930
0.000000000000157271756780191218
0.000000000000158007531659221848
0.000000000000158298140672991045
