0.000000000012369562536524429228
0.000000000012108589921245584076
0.000000000011357611784442430193
0.000000000010206578448554600662
0.000000000008787177837882389369
0.000000000007249812196649876353
0.000000000005738859595329448482
0.000000000004371370993457347044
0.000000000003223230088918529366
0.000000000002324797018068807925
0.000000000001665737705828320063
0.000000000001206718204454661335
0.000000000000894396296499458981
0.000000000000675898950297904955
0.000000000000509675157614886417
0.000000000000370962808940606306
0.000000000000251681097874409694
0.000000000000155934329274895882
0.000000000000093179525140512388
0.000000000000071334538669698418
0.000000000000091731432939555223
0.000000000000147035407867374777
0.000000000000222305222552411300
0.000000000000298516708364790069
0.000000000000357297443818725149
0.000000000000385428130107192818
0.000000000000377857214608181543
0.000000000000338467383728088241
0.000000000000278483672963773846
0.000000000000213054371184768680
0.000000000000157007999891928112
0.000000000000120976561559100042
0.000000000000108932637264168396
0.000000000000117756882309654147
0.000000000000138853403883110809
0.000000000000161234545453885542
0.000000000000175079264529096005
0.000000000000174657974610467783
0.000000000000159748387110969601
0.000000000000135171341985124044
0.000000000000108692933622156860
0.000000000000088068567133015943
0.000000000000078269895196328121
0.000000000000079846482522278297
0.000000000000088959654700597675
0.000000000000099028366035778704
0.000000000000103354220544218926
0.000000000000097747268897146428
0.000000000000082180140020588761
0.000000000000060855603062369888
0.000000000000040655399654588179
0.000000000000028536594830947125
0.000000000000028837696946566208
0.000000000000041503090922883102
0.000000000000061909374908082461
0.000000000000082395169314537611
0.000000000000094967126006694499
0.000000000000094209876253511692
0.000000000000079333180067962030
0.000000000000054585943225047257
0.000000000000027851315622104828
0.000000000000007899538778520778
0.000000000000001273547284841736
0.000000000000009931275306674657
0.000000000000030508582807333482
0.000000000000055487443103870923
0.000000000000075863650997448316
0.000000000000084358415666446487
0.000000000000078011984243310877
0.000000000000059214425313888019
0.000000000000034793997666564754
0.000000000000013493453940092982
0.000000000000002759958841459893
0.000000000000006034831460004826
0.000000000000021555235670157175
0.000000000000043129972888009848
0.000000000000062623373989184036
0.000000000000073240784529121658
0.000000000000072393582322776847
0.000000000000063052360832791721
0.000000000000053033116627310184
0.000000000000052412902095154544
0.000000000000069966483001504099
0.000000000000109898509632409594
0.000000000000170070945376755754
0.000000000000242411958925608479
0.000000000000315419118950616269
0.000000000000377912610323502971
0.000000000000422727640773871314
0.000000000000449032378878021039
0.000000000000462426744918704543
0.000000000000472756301112204395
0.000000000000490388992346791305
0.000000000000522259644569477629
0.000000000000569085868288749055
0.000000000000624759455487840049
0.000000000000678157396874867544
0.000000000000716763857678266846
0.000000000000730851207754280501
