0.000000007412675169622480846470
0.000000003981440141229204512386
0.000000000314629586359452715103
0.000000000105490277396977870620
0.000000000111879414696049961010
0.000000000025905542436108882636
0.000000000003260134389827119851
0.000000000034332491602430408270
0.000000000040133832013944271486
0.000000000012557667911403128370
0.000000000017059250795234897737
0.000000000026818450225587298661
0.000000000017717849622180095917
0.000000000016794236161541148979
0.000000000021904809607431740410
0.000000000011546600895556601237
0.000000000008648352758066438719
0.000000000014013770216046622597
0.000000000006826588478050591838
0.000000000012414239336663200830
0.000000000016642311970262579442
0.000000000007636967872320055082
0.000000000018861644565879316138
0.000000000007766925555269119662
0.000000000013724581130125913364
0.000000000008808565038762853431
0.000000000006407285171263332243
0.000000000008930035990385332285
0.000000000002400864654127164139
0.000000000006254219241873572839
0.000000000001545888056607353413
0.000000000004542416716050278643
0.000000000001488479535629498329
0.000000000003525236343283689997
0.000000000002404610584531382194
0.000000000002497835959635800977
0.000000000003439403773492247475
0.000000000001755349333773433411
0.000000000004326260164782435545
0.000000000001137504029841895709
0.000000000004711902146725272911
0.000000000000872552628217231805
0.000000000004252985006446353392
0.000000000000902078856048186586
0.000000000003550303756131705777
0.000000000000776241884761836496
0.000000000003254217631483452227
0.000000000000535503803614840934
0.000000000002982363631260225962
0.000000000000599730713882252143
0.000000000002105659168616465525
0.000000000000823686940305929869
0.000000000001082795562265226971
0.000000000000669557183932177782
0.000000000000760959046658480503
0.000000000000231085992143470996
0.000000000001028407993258236390
0.000000000000063030857270159756
0.000000000000994633957896013522
0.000000000000194722370181544175
0.000000000000473025179956481878
0.000000000000173856575698053670
0.000000000000186281795344526911
0.000000000000062716434006074338
0.000000000000588019158835272498
0.000000000000096484573033970799
0.000000000000852546864827221201
0.000000000000026115426707126251
0.000000000000314096226317946947
0.000000000000120673723258818545
0.000000000000269100764797435758
0.000000000000376923625467769925
0.000000000001000885347844467824
0.000000000000080993239859750125
0.000000000000559986875017096985
0.000000000000258123439965474955
0.000000000000363825450059210738
0.000000000000790963118253480371
0.000000000001565073329415406115
0.000000000000108213056265328840
0.000000000000784426990716911156
0.000000000000452812218772785922
0.000000000001928100385601764741
0.000000000000538086712671945932
0.000000000001076495459509712715
0.000000000001168068124987853024
0.000000000000080445397959129466
0.000000000005786445552620818477
0.000000000002297718769288498137
0.000000000002382866404159543813
0.000000000002521366397869208320
0.000000000003371853308726956101
0.000000000000476086466776842766
0.000000000018358923854126431776
0.000000000016117239396329894287
0.000000000007730652652590279634
0.000000000030751758132732584482
0.000000000000028301527998429674
0.000000000017652005961784071261
