0.000000000267831179246264266310
0.000000000231782682311310054012
0.000000000145936268828280949950
0.000000000059088806862500224903
0.000000000009277097161739921284
0.000000000000779174900919406406
0.000000000011816697734418336842
0.000000000019430212305697795328
0.000000000016307553690423122218
0.000000000008583463971844838837
0.000000000003835157437047627245
0.000000000003631577862204131610
0.000000000005010369154221170217
0.000000000005250417442386912269
0.000000000004012559814052240681
0.000000000002376980646501632871
0.000000000001345469301604651347
0.000000000001233336410126009436
0.000000000001701711668887821073
0.000000000002095560988019255938
0.000000000002012518895406575750
0.000000000001657086673899472808
0.000000000001506592382872700066
0.000000000001673649253332050532
0.000000000001829229918479058793
0.000000000001740740462145607206
0.000000000001573196601693390031
0.000000000001535103885919962058
0.000000000001514853069673149222
0.000000000001320392156519582548
0.000000000001086543790137005242
0.000000000001107492617173327167
0.000000000001320656056299858326
0.000000000001315643989663263615
0.000000000000943912112542439224
0.000000000000598295252537449402
0.000000000000672429485956103637
0.000000000000977542668194030038
0.000000000001004478005381544001
0.000000000000655118851810105826
0.000000000000361055747337532950
0.000000000000438784650810280292
0.000000000000660039456662909207
0.000000000000638861319335335216
0.000000000000395213841119846902
0.000000000000259217277490892475
0.000000000000341644990573322719
0.000000000000413189562727278556
0.000000000000316675121543905390
0.000000000000205153228499659261
0.000000000000248344894672142328
0.000000000000333435072728747351
0.000000000000262642237338422312
0.000000000000106947920129140920
0.000000000000112553839149686389
0.000000000000294043880375494999
0.000000000000377792657234727639
0.000000000000214541388083775655
0.000000000000024406014576600800
0.000000000000078690886654960673
0.000000000000294108357565974487
0.000000000000355994722138779062
0.000000000000179312759587372839
0.000000000000012654448619888666
0.000000000000053563791357043488
0.000000000000179147116178391226
0.000000000000176611972090210337
0.000000000000070894192234612715
0.000000000000038235360989764308
0.000000000000093546970503248330
0.000000000000089753947882585796
0.000000000000012990018391241419
0.000000000000038358974451152520
0.000000000000214752596288131439
0.000000000000317358772250075184
0.000000000000183153746058993418
0.000000000000019937419520735580
0.000000000000129278842645595232
0.000000000000411695460071432869
0.000000000000465862789388760895
0.000000000000213885139334614812
0.000000000000079932250898820913
0.000000000000349641137229613179
0.000000000000660853270648684372
0.000000000000514713383250948557
0.000000000000135893809472847699
0.000000000000299840575211198225
0.000000000001186283785575037053
0.000000000001908009709800161544
0.000000000001580206274696232520
0.000000000000549733128344847693
0.000000000000000589227458380892
0.000000000000392823857751061132
0.000000000000913665413950953414
0.000000000000719317846815064320
0.000000000000161843427785147191
0.000000000000216136764170257214
0.000000000000971224767312757633
0.000000000001437240959304933290
