0.000000000000000006635756069119
0.000000000000000006628768913595
0.000000000000000006607837640630
0.000000000000000006573052690432
0.000000000000000006524564328755
0.000000000000000006462581947580
0.000000000000000006387373091259
0.000000000000000006299262213210
0.000000000000000006198629169733
0.000000000000000006085907458819
0.000000000000000005961582213201
0.000000000000000005826187958106
0.000000000000000005680306145390
0.000000000000000005524562476855
0.000000000000000005359624030583
0.000000000000000005186196205074
0.000000000000000005005019496860
0.000000000000000004816866128014
0.000000000000000004622536540663
0.000000000000000004422855776161
0.000000000000000004218669757079
0.000000000000000004010841490473
0.000000000000000003800247211193
0.000000000000000003587772484103
0.000000000000000003374308284127
0.000000000000000003160747072983
0.000000000000000002947978891251
0.000000000000000002736887484191
0.000000000000000002528346479336
0.000000000000000002323215633396
0.000000000000000002122337165506
0.000000000000000001926532193158
0.000000000000000001736597286470
0.000000000000000001553301155653
0.000000000000000001377381485677
0.000000000000000001209541931207
0.000000000000000001050449283943
0.000000000000000000900730823455
0.000000000000000000760971861567
0.000000000000000000631713489252
0.000000000000000000513450533894
0.000000000000000000406629733648
0.000000000000000000311648134497
0.000000000000000000228851714444
0.000000000000000000158534238176
0.000000000000000000100936344378
0.000000000000000000056244866776
0.000000000000000000024592388912
0.000000000000000000006057031566
0.000000000000000000000662470727
0.000000000000000000008378183025
0.000000000000000000029119914562
0.000000000000000000062750368202
0.000000000000000000109080103498
0.000000000000000000167868642633
0.000000000000000000238825775000
0.000000000000000000321613052344
0.000000000000000000415845465749
0.000000000000000000521093295166
0.000000000000000000636884121652
0.000000000000000000762704992038
0.000000000000000000898004725308
0.000000000000000001042196349657
0.000000000000000001194659658883
0.000000000000000001354743876538
0.000000000000000001521770416088
0.000000000000000001695035725214
0.000000000000000001873814202286
0.000000000000000002057361173053
0.000000000000000002244915915590
0.000000000000000002435704721613
0.000000000000000002628943982401
0.000000000000000002823843287689
0.000000000000000003019608526095
0.000000000000000003215444975865
0.000000000000000003410560374968
0.000000000000000003604167959847
0.000000000000000003795489462452
0.000000000000000003983758055497
0.000000000000000004168221236231
0.000000000000000004348143639396
0.000000000000000004522809770417
0.000000000000000004691526650261
0.000000000000000004853626363823
0.000000000000000005008468504117
0.000000000000000005155442504949
0.000000000000000005293969855237
0.000000000000000005423506188508
0.000000000000000005543543241617
0.000000000000000005653610677114
0.000000000000000005753277764181
0.000000000000000005842154913473
0.000000000000000005919895061659
0.000000000000000005986194901901
0.000000000000000006040795956963
0.000000000000000006083485492073
0.000000000000000006114097265109
0.000000000000000006132512112139
0.000000000000000006138658366759
