0.000000000003991827320074603567
0.000000000003959007517990403529
0.000000000003862021554068238863
0.000000000003705193589052136503
0.000000000003495417767213652758
0.000000000003241715479221598103
0.000000000002954665892013008181
0.000000000002645754462339586598
0.000000000002326689523562679763
0.000000000002008737930710094608
0.000000000001702127212791900794
0.000000000001415554192076150310
0.000000000001155829434709592044
0.000000000000927674311270504960
0.000000000000733674127600208733
0.000000000000574378000568088781
0.000000000000448525042576529619
0.000000000000353367892661533897
0.000000000000285059290468414259
0.000000000000239065480761708960
0.000000000000210571657839720374
0.000000000000194848994354022185
0.000000000000187559383685177826
0.000000000000184982036201410651
0.000000000000184154622459063244
0.000000000000182929898704472948
0.000000000000179955945541756565
0.000000000000174593741148144436
0.000000000000166789433625590714
0.000000000000156920257872781720
0.000000000000145632659467303241
0.000000000000133689120021949509
0.000000000000121836835090365251
0.000000000000110707261510424494
0.000000000000100751128120689204
0.000000000000092209259433558692
0.000000000000085115886647807467
0.000000000000079328298978713035
0.000000000000074574884695782117
0.000000000000070512868133957513
0.000000000000066787298998418213
0.000000000000063083937122780910
0.000000000000059170380820678868
0.000000000000054921858591662448
0.000000000000050330286555089307
0.000000000000045497253111051879
0.000000000000040613334621825707
0.000000000000035927432611278136
0.000000000000031710576475191049
0.000000000000028218839497049549
0.000000000000025659709023526293
0.000000000000024165518248158865
0.000000000000023776503731246508
0.000000000000024434833916888790
0.000000000000025989697260296254
0.000000000000028212372181019492
0.000000000000030819232343797618
0.000000000000033499948657591528
0.000000000000035947779669808494
0.000000000000037888806136708122
0.000000000000039107242409421746
0.000000000000039464497930589865
0.000000000000038910396406359676
0.000000000000037485804713049477
0.000000000000035316790312120547
0.000000000000032601230653576360
0.000000000000029589467789752846
0.000000000000026561080519604106
0.000000000000023800100525094686
0.000000000000021571017119036583
0.000000000000020097709351555641
0.000000000000019547046863103235
0.000000000000020018360989668224
0.000000000000021539365119481983
0.000000000000024068462755194219
0.000000000000027502786019356434
0.000000000000031690811648919361
0.000000000000036448048410980669
0.000000000000041574105708549027
0.000000000000046869446288614644
0.000000000000052150286756994619
0.000000000000057260412140253867
0.000000000000062079076171202975
0.000000000000066524620003605389
0.000000000000070553908072437301
0.000000000000074158102203554321
0.000000000000077355632164515492
0.000000000000080183441933930707
0.000000000000082687679100954285
0.000000000000084914948055791279
0.000000000000086905078729260440
0.000000000000088686097099276189
0.000000000000090271756611601628
0.000000000000091661641630091628
0.000000000000092843526451079660
0.000000000000093797403941561843
0.000000000000094500416286403110
0.000000000000094931845428438393
0.000000000000095077358407139071
