0.000000000000002235638647656846
0.000000000000002232689900074869
0.000000000000002223862470862617
0.000000000000002209212631862556
0.000000000000002188833608945741
0.000000000000002162854748167175
0.000000000000002131440362186905
0.000000000000002094788270514584
0.000000000000002053128050662424
0.000000000000002006719020567710
0.000000000000001955847975624433
0.000000000000001900826706303206
0.000000000000001841989324604132
0.000000000000001779689429449935
0.000000000000001714297142564633
0.000000000000001646196047382001
0.000000000000001575780064080671
0.000000000000001503450293949336
0.000000000000001429611865953611
0.000000000000001354670817619950
0.000000000000001279031041192763
0.000000000000001203091324485239
0.000000000000001127242513964761
0.000000000000001051864825427113
0.000000000000000977325325160697
0.000000000000000903975601826455
0.000000000000000832149646427168
0.000000000000000762161954758429
0.000000000000000694305863670445
0.000000000000000628852129372191
0.000000000000000566047752923067
0.000000000000000506115055026111
0.000000000000000449250999302143
0.000000000000000395626760423912
0.000000000000000345387530857436
0.000000000000000298652557524296
0.000000000000000255515397488960
0.000000000000000216044379809871
0.000000000000000180283258987987
0.000000000000000148252044012364
0.000000000000000119947985845586
0.000000000000000095346705313560
0.000000000000000074403442761711
0.000000000000000057054410505640
0.000000000000000043218229028215
0.000000000000000032797428042654
0.000000000000000025679993935332
0.000000000000000021740945703511
0.000000000000000020843922290417
0.000000000000000022842765170308
0.000000000000000027583081125551
0.000000000000000034903771361959
0.000000000000000044638514403283
0.000000000000000056617191566804
0.000000000000000070667245226048
0.000000000000000086614961491473
0.000000000000000104286670364589
0.000000000000000123509857825970
0.000000000000000144114185685411
0.000000000000000165932416337414
0.000000000000000188801240813534
0.000000000000000212562009693418
0.000000000000000237061367519055
0.000000000000000262151792344609
0.000000000000000287692042941705
0.000000000000000313547516963998
0.000000000000000339590524053585
0.000000000000000365700478445524
0.000000000000000391764016097145
0.000000000000000417675041739023
0.000000000000000443334711518794
0.000000000000000468651357092738
0.000000000000000493540357119530
0.000000000000000517923962132531
0.000000000000000541731078719061
0.000000000000000564897018824777
0.000000000000000587363219836768
0.000000000000000609076940888049
0.000000000000000629990940576787
0.000000000000000650063141013561
0.000000000000000669256282806469
0.000000000000000687537575274087
0.000000000000000704878345846561
0.000000000000000721253692281427
0.000000000000000736642140988569
0.000000000000000751025314432597
0.000000000000000764387610265170
0.000000000000000776715894537667
0.000000000000000787999211058920
0.000000000000000798228508695696
0.000000000000000807396388166531
0.000000000000000815496869653426
0.000000000000000822525182350964
0.000000000000000828477576888378
0.000000000000000833351161396228
0.000000000000000837143761844315
0.000000000000000839853807149704
0.000000000000000841480239441174
0.000000000000000842022449766698
