0.000000000000000100143446001919
0.000000000000000100033926071150
0.000000000000000099705876520459
0.000000000000000099160825276310
0.000000000000000098401309573913
0.000000000000000097430862060383
0.000000000000000096253991471559
0.000000000000000094876158013514
0.000000000000000093303743615263
0.000000000000000091544017253229
0.000000000000000089605095580344
0.000000000000000087495899123023
0.000000000000000085226104337330
0.000000000000000082806091841295
0.000000000000000080246891163355
0.000000000000000077560122367013
0.000000000000000074757934929031
0.000000000000000071852944262561
0.000000000000000068858166287623
0.000000000000000065786950459045
0.000000000000000062652911666588
0.000000000000000059469861423261
0.000000000000000056251738756093
0.000000000000000053012541208691
0.000000000000000049766256357088
0.000000000000000046526794229689
0.000000000000000043307921008730
0.000000000000000040123194374762
0.000000000000000036985900837493
0.000000000000000033908995375974
0.000000000000000030905043688949
0.000000000000000027986167332358
0.000000000000000025163991995774
0.000000000000000022449599143204
0.000000000000000019853481216452
0.000000000000000017385500571402
0.000000000000000015054852289330
0.000000000000000012870030977031
0.000000000000000010838801641293
0.000000000000000008968174695369
0.000000000000000007264385127788
0.000000000000000005732875837269
0.000000000000000004378285111928
0.000000000000000003204438206496
0.000000000000000002214342948082
0.000000000000000001410189279278
0.000000000000000000793352627169
0.000000000000000000364400968238
0.000000000000000000123105442291
0.000000000000000000068454353452
0.000000000000000000198670382962
0.000000000000000000511230827111
0.000000000000000001002890663997
0.000000000000000001669708245027
0.000000000000000002507073401064
0.000000000000000003509737748890
0.000000000000000004671846981063
0.000000000000000005986974921308
0.000000000000000007448159128152
0.000000000000000009047937831526
0.000000000000000010778387990413
0.000000000000000012631164264217
0.000000000000000014597538696217
0.000000000000000016668440914200
0.000000000000000018834498660953
0.000000000000000021086078475654
0.000000000000000023413326356230
0.000000000000000025806208242271
0.000000000000000028254550168045
0.000000000000000030748077945425
0.000000000000000033276456246967
0.000000000000000035829326969908
0.000000000000000038396346772406
0.000000000000000040967223683712
0.000000000000000043531752700263
0.000000000000000046079850289583
0.000000000000000048601587733587
0.000000000000000051087223252042
0.000000000000000053527232855792
0.000000000000000055912339887566
0.000000000000000058233543215976
0.000000000000000060482144055434
0.000000000000000062649771391293
0.000000000000000064728405995467
0.000000000000000066710403023065
0.000000000000000068588513185282
0.000000000000000070355902497822
0.000000000000000072006170607548
0.000000000000000073533367702879
0.000000000000000074932010015645
0.000000000000000076197093923820
0.000000000000000077324108665617
0.000000000000000078309047676068
0.000000000000000079148418557378
0.000000000000000079839251694012
0.000000000000000080379107522867
0.000000000000000080766082467824
0.000000000000000080998813546735
0.000000000000000081076481657315
