0.000000000000001267962871403235
0.000000000000001266395666346870
0.000000000000001261703117442011
0.000000000000001253912351985960
0.000000000000001243068344567694
0.000000000000001229233563305180
0.000000000000001212487479736525
0.000000000000001192925947442010
0.000000000000001170660455809286
0.000000000000001145817266605139
0.000000000000001118536442168650
0.000000000000001088970775077702
0.000000000000001057284630051457
0.000000000000001023652709624916
0.000000000000000988258755759821
0.000000000000000951294200032694
0.000000000000000912956775362108
0.000000000000000873449102401659
0.000000000000000832977263733583
0.000000000000000791749378853423
0.000000000000000749974192643981
0.000000000000000707859689604042
0.000000000000000665611745533291
0.000000000000000623432827690026
0.000000000000000581520753645057
0.000000000000000540067518166783
0.000000000000000499258196503335
0.000000000000000459269931392899
0.000000000000000420271010048240
0.000000000000000382420036241984
0.000000000000000345865201480611
0.000000000000000310743658113063
0.000000000000000277180996088732
0.000000000000000245290823973702
0.000000000000000215174453766241
0.000000000000000186920688034920
0.000000000000000160605706945807
0.000000000000000136293051858607
0.000000000000000114033701363144
0.000000000000000093866234903741
0.000000000000000075817078504918
0.000000000000000059900826570670
0.000000000000000046120633283557
0.000000000000000034468666779454
0.000000000000000024926619018184
0.000000000000000017466264107506
0.000000000000000012050057764612
0.000000000000000008631770611357
0.000000000000000007157148091500
0.000000000000000007564589964528
0.000000000000000009785842564361
0.000000000000000013746697305456
0.000000000000000019367689265976
0.000000000000000026564790070155
0.000000000000000035250089721905
0.000000000000000045332462501483
0.000000000000000056718212518837
0.000000000000000069311695013993
0.000000000000000083015909999251
0.000000000000000097733065343627
0.000000000000000113365106900668
0.000000000000000129814213770938
0.000000000000000146983257265116
0.000000000000000164776222588342
0.000000000000000183098592697423
0.000000000000000201857694186583
0.000000000000000220963005432086
0.000000000000000240326427569327
0.000000000000000259862519186517
0.000000000000000279488695896042
0.000000000000000299125396187720
0.000000000000000318696215177589
0.000000000000000338128008042207
0.000000000000000357350965072656
0.000000000000000376298660395839
0.000000000000000394908076494762
0.000000000000000413119606716197
0.000000000000000430877037985265
0.000000000000000448127515954280
0.000000000000000464821494799771
0.000000000000000480912673849163
0.000000000000000496357923169437
0.000000000000000511117200186277
0.000000000000000525153459325998
0.000000000000000538432556585821
0.000000000000000550923150842844
0.000000000000000562596603609983
0.000000000000000573426878839981
0.000000000000000583390444267604
0.000000000000000592466175666710
0.000000000000000600635265284084
0.000000000000000607881135596614
0.000000000000000614189359423353
0.000000000000000619547587309791
0.000000000000000623945482988636
0.000000000000000627374667609849
0.000000000000000629828673322681
0.000000000000000631302906684010
0.000000000000000631794622260217
