0.000000051855980552729210483755
0.000000010771105984027962941839
0.000000000497714685348977279726
0.000000000096584828228076428804
0.000000000253921946792038115040
0.000000000018015359791418995917
0.000000000148105338346081126978
0.000000000037012556214322482652
0.000000000112394011537876902041
0.000000000022011417228461731417
0.000000000079525997497576750543
0.000000000043229112523721372247
0.000000000062498988215878062865
0.000000000055995013398010589496
0.000000000030528102924695797480
0.000000000048456803480957610502
0.000000000025048272468430343028
0.000000000046129854605892207847
0.000000000035540485065127977981
0.000000000028388558018709338723
0.000000000037908489261210255526
0.000000000021964821105918505084
0.000000000024549073165400372636
0.000000000024624163331209273133
0.000000000016460074609239945088
0.000000000019732476550058389716
0.000000000019532817637772098211
0.000000000012436479036130044901
0.000000000017019678891618313154
0.000000000014808591008202293251
0.000000000009938036807748545827
0.000000000012553179712104506964
0.000000000013059395450330868680
0.000000000007653358079465401771
0.000000000008530657517404411711
0.000000000009443854476068437603
0.000000000008469766629179597665
0.000000000005047133875427634946
0.000000000005145835288285991137
0.000000000007543600953358615042
0.000000000005480864111960344707
0.000000000002465568185091773232
0.000000000003520603155844583926
0.000000000004620565111785662874
0.000000000003009578211489658218
0.000000000001612350002272583101
0.000000000001282824455958047782
0.000000000002464593477150103823
0.000000000002752503305210787637
0.000000000000498617081747511860
0.000000000000752886613161814969
0.000000000001805181583022772142
0.000000000000572501251497748176
0.000000000000507110106160430948
0.000000000000269676069574429440
0.000000000000313288827819358027
0.000000000001080337606068227515
0.000000000000127899595566979191
0.000000000000352856204592841945
0.000000000000376577153658076979
0.000000000000064248432689864222
0.000000000000507040056478125205
0.000000000000032861091076781862
0.000000000000444320611445929026
0.000000000000208082450928650802
0.000000000000275508452513973556
0.000000000000316876494550635460
0.000000000000094649181473628776
0.000000000000443630377724092219
0.000000000000159289471764808444
0.000000000000481873232992414251
0.000000000000079498354928177839
0.000000000000358000554996728281
0.000000000000254274932926656282
0.000000000000475230130877284816
0.000000000000182633259604420177
0.000000000000237051136215868272
0.000000000000390172026763577844
0.000000000000491099744984272473
0.000000000000209337178655905970
0.000000000000105286982208243286
0.000000000000972159056174210616
0.000000000000238288860369437386
0.000000000000705618665928684452
0.000000000003223562452973688301
0.000000000000239503647078229829
0.000000000004798331056370245541
0.000000000004289217794888401575
0.000000000000329420282588526294
0.000000000000686750326166525161
0.000000000003601111284839118425
0.000000000026655568870327757796
0.000000000001963540406002230694
0.000000000000432512128944802134
0.000000000016271494234094008896
0.000000000036013319249501283036
0.000000000002457013872034752651
0.000000000040228454600960614513
0.000000000003820039386772034206
