0.000000000000000036643659645901
0.000000000000000036604328266811
0.000000000000000036486510751272
0.000000000000000036290736067527
0.000000000000000036017882844958
0.000000000000000035669174916598
0.000000000000000035246175116619
0.000000000000000034750777370390
0.000000000000000034185197124995
0.000000000000000033551960177943
0.000000000000000032853889971302
0.000000000000000032094093427404
0.000000000000000031275945410662
0.000000000000000030403071907779
0.000000000000000029479332025701
0.000000000000000028508798912981
0.000000000000000027495739715810
0.000000000000000026444594684707
0.000000000000000025359955551791
0.000000000000000024246543301655
0.000000000000000023109185461056
0.000000000000000021952793034011
0.000000000000000020782337209375
0.000000000000000019602825967628
0.000000000000000018419280712413
0.000000000000000017236713050373
0.000000000000000016060101840080
0.000000000000000014894370627327
0.000000000000000013744365579872
0.000000000000000012614834029843
0.000000000000000011510403726589
0.000000000000000010435562896754
0.000000000000000009394641201865
0.000000000000000008391791676817
0.000000000000000007430973725386
0.000000000000000006515937241302
0.000000000000000005650207915621
0.000000000000000004837073783161
0.000000000000000004079573052671
0.000000000000000003380483257252
0.000000000000000002742311753472
0.000000000000000002167287589505
0.000000000000000001657354754756
0.000000000000000001214166815658
0.000000000000000000839082934814
0.000000000000000000533165263427
0.000000000000000000297177690011
0.000000000000000000131585921818
0.000000000000000000036558869186
0.000000000000000000011971297272
0.000000000000000000057407704225
0.000000000000000000172167379997
0.000000000000000000355270595528
0.000000000000000000605465868074
0.000000000000000000921238245002
0.000000000000000001300818545308
0.000000000000000001742193495665
0.000000000000000002243116695702
0.000000000000000002801120345649
0.000000000000000003413527668321
0.000000000000000004077465956725
0.000000000000000004789880178249
0.000000000000000005547547066492
0.000000000000000006347089632233
0.000000000000000007184992025865
0.000000000000000008057614684684
0.000000000000000008961209699865
0.000000000000000009891936339574
0.000000000000000010845876666591
0.000000000000000011819051190856
0.000000000000000012807434499660
0.000000000000000013806970810576
0.000000000000000014813589394739
0.000000000000000015823219820720
0.000000000000000016831806971889
0.000000000000000017835325792871
0.000000000000000018829795723442
0.000000000000000019811294780923
0.000000000000000020775973254807
0.000000000000000021720066980048
0.000000000000000022639910157976
0.000000000000000023531947696352
0.000000000000000024392747042503
0.000000000000000025219009485770
0.000000000000000026007580907762
0.000000000000000026755461960994
0.000000000000000027459817658468
0.000000000000000028117986358629
0.000000000000000028727488131874
0.000000000000000029286032496379
0.000000000000000029791525512549
0.000000000000000030242076226726
0.000000000000000030636002456095
0.000000000000000030971835907862
0.000000000000000031248326626845
0.000000000000000031464446766596
0.000000000000000031619393680061
0.000000000000000031712592326603
0.000000000000000031743696992979
