0.000000042211010749741184326028
0.000000008801690648981308703770
0.000000000615631478856666251933
0.000000000110879649414312738914
0.000000000023821397749571289989
0.000000000193955705634815874477
0.000000000026132480020391337926
0.000000000064403485824214466264
0.000000000060255860352130898327
0.000000000051472883411098122162
0.000000000047900472081368488728
0.000000000049722112555382383791
0.000000000053485647059965801251
0.000000000044910993405793445183
0.000000000024559929697216946153
0.000000000044757963487162602450
0.000000000023217770184310313241
0.000000000059325021788358653269
0.000000000030592752026196305956
0.000000000030125329064582981236
0.000000000033618710904198250139
0.000000000008897890257381835626
0.000000000023034510620006658519
0.000000000018579346263621636569
0.000000000013691613574373021434
0.000000000025917310955921998961
0.000000000023301133314014654121
0.000000000015626310024283170753
0.000000000018688385879535003311
0.000000000019032973252193641070
0.000000000013032176151595915856
0.000000000006148445959747009848
0.000000000012437772579990804419
0.000000000008625238890415929874
0.000000000002144199555127187579
0.000000000006221301476072428961
0.000000000008071951443080372230
0.000000000001964448003542557111
0.000000000003358121713003982419
0.000000000007698685751135641994
0.000000000004804465255794046891
0.000000000001198736466599079366
0.000000000005755923407983399910
0.000000000007234511815990726696
0.000000000002079434384669822400
0.000000000002494002579104241945
0.000000000004194160490714197125
0.000000000004050429016828275035
0.000000000002393763370741823265
0.000000000000975776635856715832
0.000000000003594712708708902499
0.000000000002685339460148973408
0.000000000000845322684309440899
0.000000000001311401977814464642
0.000000000000566456978080616352
0.000000000002099026112731467966
0.000000000001412127286476870894
0.000000000000051543936280323312
0.000000000000687380548329118851
0.000000000000340245140762456235
0.000000000001319480759255435124
0.000000000000775493206135372673
0.000000000000279332248820101495
0.000000000000796810269135870434
0.000000000000257000995969137301
0.000000000001065352661269144365
0.000000000000443973752147716723
0.000000000000737208812931377282
0.000000000000810674659099548737
0.000000000000600175824910254626
0.000000000001118545615837166484
0.000000000000264383145209564813
0.000000000001272282063324555371
0.000000000000478084158337744791
0.000000000001879408938719015179
0.000000000000182380219308668795
0.000000000001001681190660149935
0.000000000000534641852739493840
0.000000000003100126167546833536
0.000000000000430230281808907458
0.000000000000431032688899132555
0.000000000001229846627532794851
0.000000000006930795350648083948
0.000000000000654765712059632543
0.000000000000547095359642231954
0.000000000008794909581695299126
0.000000000000745516199647142104
0.000000000002164542283796556182
0.000000000003832354011499395213
0.000000000008464255381074924965
0.000000000004168568525456473880
0.000000000009384807846559783948
0.000000000017706848475375766333
0.000000000001111937072231169544
0.000000000004627138461369523531
0.000000000066842261187314330923
0.000000000015803892503103540714
0.000000000038060783923231831926
0.000000000036212327885166751532
