0.000000267014765184582753327925
0.000000001583252392697026093149
0.000000000355695660579776758156
0.000000000044062902873657631705
0.000000000618884577411722880035
0.000000000178069647816776123318
0.000000000062571070587843018037
0.000000000274283244337366485592
0.000000000188832357249453496332
0.000000000102304167730240776621
0.000000000093551485386487294465
0.000000000092156772824935210644
0.000000000138573110033498118211
0.000000000176247235429582136250
0.000000000127288644309785239683
0.000000000075473810864333934923
0.000000000062656742541029538176
0.000000000062917411693502305207
0.000000000052531970829329929867
0.000000000043279141381437026721
0.000000000038186405375419583740
0.000000000046115361286329017038
0.000000000046222930190600069504
0.000000000044545840629094895731
0.000000000043671687769198729131
0.000000000038212747715477417846
0.000000000036221862127189075455
0.000000000038622481838914481960
0.000000000037727202158928500960
0.000000000032734690928465485156
0.000000000028119522970680927144
0.000000000025382602018102004421
0.000000000023372806110857976835
0.000000000021268350357149125482
0.000000000018716582625424749272
0.000000000015676630066397539794
0.000000000012323516315156115187
0.000000000009090932187423857347
0.000000000007609286662236536386
0.000000000009608698724460276478
0.000000000014072589604598424747
0.000000000017125571704415247239
0.000000000015525985392304903082
0.000000000010023040991427577379
0.000000000004642806939464352747
0.000000000003193089013763181449
0.000000000005809883847231531987
0.000000000008678405253722394807
0.000000000008130496129164878542
0.000000000004701718973507372070
0.000000000001767861147367234319
0.000000000001003475873721919038
0.000000000001343425850315366132
0.000000000001173618215365098964
0.000000000000358993110015430297
0.000000000000039472095429179008
0.000000000000131123878810566214
0.000000000000077248506483096212
0.000000000000383489537682804341
0.000000000001159613917735459933
0.000000000001293489717531163518
0.000000000000510766126302815461
0.000000000000448405654991598958
0.000000000000447256388810457896
0.000000000000017336327879583529
0.000000000000575219822407645593
0.000000000001314774781147928613
0.000000000000843386690658253137
0.000000000001594712164002794326
0.000000000001999087878944401968
0.000000000000282587821263948712
0.000000000000417354602138966647
0.000000000000589329718932026903
0.000000000000579208025868167638
0.000000000002657708738644936380
0.000000000000982875227248043067
0.000000000000278165888590430907
0.000000000000881100811034801225
0.000000000000337858809432491431
0.000000000002212153911125512848
0.000000000000645560262622837207
0.000000000000762974550160560917
0.000000000000246503705314434926
0.000000000002211852239169615791
0.000000000005362202994624403642
0.000000000001749675098356777310
0.000000000006816040500062165360
0.000000000000447241498432189795
0.000000000001571112227503951070
0.000000000022393180161574885526
0.000000000018596813256827687371
0.000000000014501874898618049266
0.000000000004346026388732380918
0.000000000012571713755465368604
0.000000000017446930301582018896
0.000000000055448931756338625552
0.000000000090358238286292524640
0.000000000370102908159763723684
0.000000000025235162544183523558
