0.000000002432592666549974706895
0.000000001741219902904312690584
0.000000000552886917985879801854
0.000000000035570950720536131157
0.000000000055704887238286192928
0.000000000053545938178683859051
0.000000000010349336626855772510
0.000000000029255436857840300767
0.000000000037509834989403360738
0.000000000014492973232425667844
0.000000000002256816681152498482
0.000000000005859071698026112158
0.000000000013061556548434901540
0.000000000011593889107542830464
0.000000000005523840739054329764
0.000000000010235669011677651993
0.000000000014907638952380327605
0.000000000008437601596956066252
0.000000000006630511381360316305
0.000000000011411432483906321299
0.000000000008507588800086205120
0.000000000003970353120175198191
0.000000000006292210425151831008
0.000000000006432429513646709424
0.000000000003070252839060025670
0.000000000003892340070446034681
0.000000000004769851099082672600
0.000000000002331806270972805562
0.000000000002551760198357344651
0.000000000003753708455072307948
0.000000000002070294323046478212
0.000000000001814142862317448972
0.000000000002661690586777099556
0.000000000001688597894615063597
0.000000000001635544706320971538
0.000000000001899111776371878832
0.000000000001159310984255678083
0.000000000001548811760991716477
0.000000000001460058988045481551
0.000000000000740033518705073894
0.000000000001381165097895638647
0.000000000001126558136998399709
0.000000000000483506940458475959
0.000000000001141512834008102757
0.000000000000833697935451653611
0.000000000000363737436317079428
0.000000000000848778630708576121
0.000000000000590993608675946809
0.000000000000346074749269549157
0.000000000000524474925240057670
0.000000000000399253912691235663
0.000000000000405807734343023713
0.000000000000252504201648822271
0.000000000000264334630120462905
0.000000000000512648774830272213
0.000000000000143394223547598525
0.000000000000187680942707697880
0.000000000000554283663588040915
0.000000000000159120089253287470
0.000000000000090281945417264358
0.000000000000355164864698652988
0.000000000000170233516455084890
0.000000000000055304285693803179
0.000000000000072368099647410389
0.000000000000188846573085255520
0.000000000000232477586755866984
0.000000000000011664802084726619
0.000000000000185412439207688811
0.000000000000365783064692905618
0.000000000000076314018570118221
0.000000000000039511478979560159
0.000000000000117903495819647221
0.000000000000073229810120800861
0.000000000000103529861047973997
0.000000000000030718381875932048
0.000000000000138251975798369262
0.000000000000350701165969079343
0.000000000000240190690556843280
0.000000000000086878871374575113
0.000000000000025345825062189939
0.000000000000026207357460720257
0.000000000000000251563320918495
0.000000000000315614453117034349
0.000000000001061992171872927346
0.000000000000628134230029327681
0.000000000000056998879963275278
0.000000000001100844046546649077
0.000000000001004766193629005643
0.000000000000425726667305522517
0.000000000001535911573569351918
0.000000000001256313810829143130
0.000000000000784444691846976005
0.000000000001400424008455567137
0.000000000000544757099877870635
0.000000000003476177891935447689
0.000000000010056771666317203379
0.000000000011105664253225245655
0.000000000009469348340496083403
0.000000000009546542405798535695
