0.000000002071008878939883508211
0.000000001485847688700910821853
0.000000000479406903730758214877
0.000000000026686315124949918559
0.000000000030460460704265688066
0.000000000049500802365061133153
0.000000000022940931077825050283
0.000000000007899285594351428604
0.000000000003465728409039877960
0.000000000009961003848849076594
0.000000000016581194737051252357
0.000000000013097912078334387123
0.000000000007080684522124652198
0.000000000004996187709892808126
0.000000000006470536321856452666
0.000000000008532075313099341479
0.000000000007243612523223814935
0.000000000004905597991393084021
0.000000000008715416207132726989
0.000000000011633258983106062501
0.000000000005870228920938301970
0.000000000004929111901749800089
0.000000000009654866382048230672
0.000000000005789202271526402148
0.000000000002063048552002797477
0.000000000005392698981749377025
0.000000000004117666070892276330
0.000000000000680589044004647213
0.000000000002672436573265081473
0.000000000003240933900545384487
0.000000000000575197078832469587
0.000000000001324703291200419208
0.000000000002708184720423238124
0.000000000000797630535837355167
0.000000000001247258987400885446
0.000000000002684356063458969137
0.000000000000757002529881322293
0.000000000001574175483942553956
0.000000000003004418796501607569
0.000000000000662715247952686394
0.000000000001693262563145149039
0.000000000002931257872536456366
0.000000000000570627846450392533
0.000000000001622568083304056195
0.000000000002286062281758879614
0.000000000000486604181273466360
0.000000000001529985391934800606
0.000000000001388446185653188850
0.000000000000486910440757881279
0.000000000001517122664888758491
0.000000000000642483940632617753
0.000000000000555946521679701042
0.000000000001497857874815198669
0.000000000000274704693869854668
0.000000000000559701810477013757
0.000000000001180605448539030567
0.000000000000144490197830129950
0.000000000000390397548716403079
0.000000000000516793507537832736
0.000000000000141305697605082483
0.000000000000303365378671454028
0.000000000000043804072289079510
0.000000000000356246984253754626
0.000000000000451776277903399800
0.000000000000010085411060346916
0.000000000000452047209804341960
0.000000000000331713356698347317
0.000000000000007126026352847614
0.000000000000165107191123007394
0.000000000000031376462040270410
0.000000000000373206604164947319
0.000000000000258577034747327301
0.000000000000135890112922247156
0.000000000000843573541370287847
0.000000000000347582078496640988
0.000000000000078338496275304066
0.000000000000400172912706279493
0.000000000000011681146091072042
0.000000000000733674920943456959
0.000000000000916839176653558367
0.000000000000234796517230110786
0.000000000000791123382817925999
0.000000000000720914397798608060
0.000000000000360329115611071756
0.000000000000115156198381006086
0.000000000001005123351297231224
0.000000000003302078780374869877
0.000000000001244997812793628110
0.000000000000793998734239850609
0.000000000004854918223395255336
0.000000000001903655481181988230
0.000000000000852576868231593226
0.000000000003849138110380476924
0.000000000000706007744183313745
0.000000000010925558114885077420
0.000000000023714920401567822217
0.000000000010875349341042053342
0.000000000004556955824635540925
0.000000000010922425401443414527
