0.000000164901586768665522079181
0.000000005645069536861015265818
0.000000000204200472884864922697
0.000000000582683065632634456337
0.000000000051538629160540616331
0.000000000166196852897428639056
0.000000000208407449788561826045
0.000000000045820729874625402202
0.000000000131349590280376022168
0.000000000159951151844568672454
0.000000000067264979479871817657
0.000000000071629724070733233351
0.000000000122248363030810548452
0.000000000100989768711950618186
0.000000000062644259206548148562
0.000000000053589934018200946078
0.000000000074468955717297513588
0.000000000086883274622465306015
0.000000000072761358565362424222
0.000000000052410559633404057048
0.000000000037307529794573572954
0.000000000035810036951315256563
0.000000000041609637030934929107
0.000000000045376816846825169643
0.000000000049263528266592356951
0.000000000042116354440661001346
0.000000000036755334275526888100
0.000000000030644812055751213255
0.000000000023256173534811508592
0.000000000021290510657834396304
0.000000000019970380196627096419
0.000000000017244306464993071511
0.000000000016390430608544224012
0.000000000015691037260934205451
0.000000000012921829210333957724
0.000000000010210590512285702775
0.000000000009013920288145798433
0.000000000008440284490205042388
0.000000000007495826000850673766
0.000000000006285888069035127585
0.000000000005226079625441138963
0.000000000004233663158162871283
0.000000000003234044503129624108
0.000000000002310630258253797946
0.000000000001632011922986596679
0.000000000001405165090391176531
0.000000000001579462382817301857
0.000000000001841193815708545075
0.000000000001821323762583287868
0.000000000001447749025569682487
0.000000000000845028418289796048
0.000000000000277258064257200429
0.000000000000242020959412334867
0.000000000000730237363238563759
0.000000000001220589442438964000
0.000000000000975983856536404675
0.000000000000292861587331055614
0.000000000000006829082395517305
0.000000000000471381006555832898
0.000000000000855786207310912816
0.000000000000590562510553568486
0.000000000000091710968844725583
0.000000000000229981817755033682
0.000000000000654368751667645343
0.000000000000736385342098732618
0.000000000000314679845652246907
0.000000000000136439468649305319
0.000000000000493753243958717950
0.000000000000870549470315324863
0.000000000000620292886762702604
0.000000000000082357317506460590
0.000000000000668840224738360949
0.000000000001222767070506029087
0.000000000000280902471798180304
0.000000000000344374086865854143
0.000000000001239172529004125581
0.000000000000457856244018365969
0.000000000000333913704569460565
0.000000000001029646852727617123
0.000000000000349796895640072922
0.000000000000703396556856257294
0.000000000000721933235334020079
0.000000000000472451534624905933
0.000000000001144563951917600732
0.000000000001314609907326693642
0.000000000002646227837134366871
0.000000000006411664736051912572
0.000000000003664821951329739731
0.000000000003431901329619486970
0.000000000006244043031555823426
0.000000000014132863632228920493
0.000000000024873486236758743095
0.000000000001256050025038397557
0.000000000047744155707883780403
0.000000000022971992452714229141
0.000000000037377522262319808869
0.000000000095661851309871665421
0.000000000152921044070048170084
0.000000000018162798540736785685
