0.000000000000000030981965714439
0.000000000000000030948792889921
0.000000000000000030849422656770
0.000000000000000030684298991341
0.000000000000000030454159375859
0.000000000000000030160031096419
0.000000000000000029803226091216
0.000000000000000029385334379718
0.000000000000000028908216111905
0.000000000000000028373992284805
0.000000000000000027785034181260
0.000000000000000027143951593252
0.000000000000000026453579898949
0.000000000000000025716966069035
0.000000000000000024937353683710
0.000000000000000024118167046981
0.000000000000000023262994489483
0.000000000000000022375570955055
0.000000000000000021459759969571
0.000000000000000020519535093189
0.000000000000000019558960959048
0.000000000000000018582174002729
0.000000000000000017593362987266
0.000000000000000016596749428386
0.000000000000000015596568023789
0.000000000000000014597047188787
0.000000000000000013602389798522
0.000000000000000012616754234213
0.000000000000000011644235827623
0.000000000000000010688848794054
0.000000000000000009754508739874
0.000000000000000008845015825797
0.000000000000000007964038661896
0.000000000000000007115099004855
0.000000000000000006301557322026
0.000000000000000005526599280786
0.000000000000000004793223215348
0.000000000000000004104228616688
0.000000000000000003462205684665
0.000000000000000002869525974768
0.000000000000000002328334165263
0.000000000000000001840540963907
0.000000000000000001407817166861
0.000000000000000001031588876037
0.000000000000000000713033874891
0.000000000000000000453079156624
0.000000000000000000252399592983
0.000000000000000000111417726344
0.000000000000000000030304662502
0.000000000000000000008982036742
0.000000000000000000047125021150
0.000000000000000000144166336989
0.000000000000000000299301232053
0.000000000000000000511493379536
0.000000000000000000779481651836
0.000000000000000001101787720046
0.000000000000000001476724427612
0.000000000000000001902404884702
0.000000000000000002376752228301
0.000000000000000002897509991905
0.000000000000000003462253027840
0.000000000000000004068398924787
0.000000000000000004713219862934
0.000000000000000005393854849346
0.000000000000000006107322276578
0.000000000000000006850532748293
0.000000000000000007620302116591
0.000000000000000008413364676933
0.000000000000000009226386467961
0.000000000000000010055978625039
0.000000000000000010898710738096
0.000000000000000011751124166170
0.000000000000000012609745263035
0.000000000000000013471098470347
0.000000000000000014331719236836
0.000000000000000015188166724274
0.000000000000000016037036263105
0.000000000000000016874971522868
0.000000000000000017698676364701
0.000000000000000018504926345434
0.000000000000000019290579844886
0.000000000000000020052588790108
0.000000000000000020788008952328
0.000000000000000021494009794345
0.000000000000000022167883847998
0.000000000000000022807055603157
0.000000000000000023409089891426
0.000000000000000023971699749358
0.000000000000000024492753747552
0.000000000000000024970282773463
0.000000000000000025402486257091
0.000000000000000025787737830040
0.000000000000000026124590409585
0.000000000000000026411780700532
0.000000000000000026648233108676
0.000000000000000026833063060646
0.000000000000000026965579725817
0.000000000000000027045288136850
0.000000000000000027071890706217
