0.000000000000002597806099761075
0.000000000000002594305758988996
0.000000000000002583827749638145
0.000000000000002566440896509129
0.000000000000002542259196572059
0.000000000000002511440761553308
0.000000000000002474186355679190
0.000000000000002430737546365629
0.000000000000002381374490256281
0.000000000000002326413381285338
0.000000000000002266203591312533
0.000000000000002201124537291582
0.000000000000002131582311842714
0.000000000000002058006116466954
0.000000000000001980844538436379
0.000000000000001900561713602559
0.000000000000001817633417976497
0.000000000000001732543130950142
0.000000000000001645778112463465
0.000000000000001557825535294107
0.000000000000001469168711988700
0.000000000000001380283453804616
0.000000000000001291634596433650
0.000000000000001203672724286688
0.000000000000001116831121787264
0.000000000000001031522976512754
0.000000000000000948138855197692
0.000000000000000867044469638901
0.000000000000000788578745481383
0.000000000000000713052202780737
0.000000000000000640745653193911
0.000000000000000571909214703545
0.000000000000000506761640986451
0.000000000000000445489958943301
0.000000000000000388249404558427
0.000000000000000335163644193651
0.000000000000000286325265669865
0.000000000000000241796521079580
0.000000000000000201610301221007
0.000000000000000165771319860897
0.000000000000000134257484724280
0.000000000000000107021431173005
0.000000000000000083992193964434
0.000000000000000065076992264032
0.000000000000000050163103203494
0.000000000000000039119799707588
0.000000000000000031800329032702
0.000000000000000028043909439786
0.000000000000000027677723633299
0.000000000000000030518889003771
0.000000000000000036376386281399
0.000000000000000045052929908353
0.000000000000000056346765234934
0.000000000000000070053379507174
0.000000000000000085967115509767
0.000000000000000103882678629250
0.000000000000000123596529980932
0.000000000000000144908160074408
0.000000000000000167621239254690
0.000000000000000191544642829496
0.000000000000000216493350361973
0.000000000000000242289220058368
0.000000000000000268761640501576
0.000000000000000295748063166310
0.000000000000000323094420194977
0.000000000000000350655432812788
0.000000000000000378294816516381
0.000000000000000405885389784374
0.000000000000000433309093535188
0.000000000000000460456928903035
0.000000000000000487228821124623
0.000000000000000513533417435553
0.000000000000000539287826876158
0.000000000000000564417309812089
0.000000000000000588854924796026
0.000000000000000612541140144753
0.000000000000000635423417291538
0.000000000000000657455772608513
0.000000000000000678598323988244
0.000000000000000698816828038361
0.000000000000000718082213287803
0.000000000000000736370114336954
0.000000000000000753660411415319
0.000000000000000769936779346732
0.000000000000000785186249470379
0.000000000000000799398787631735
0.000000000000000812566890945972
0.000000000000000824685205651300
0.000000000000000835750168014222
0.000000000000000845759669925035
0.000000000000000854712750531314
0.000000000000000862609315000223
0.000000000000000869449881276969
0.000000000000000875235355515664
0.000000000000000879966836698609
0.000000000000000883645450828406
0.000000000000000886272214971605
0.000000000000000887847931349533
0.000000000000000888373111608091
