0.000000177153240605967789269152
0.000000001983216958387829747892
0.000000000729071410896862639029
0.000000000093421939276440827105
0.000000000093302435876016070275
0.000000000198750972247885483332
0.000000000134470166050086155301
0.000000000066475706851033854076
0.000000000171888159659774808967
0.000000000156828620591604350834
0.000000000060080448822435440267
0.000000000081258025493673851797
0.000000000144365753397827952158
0.000000000134599148090314815415
0.000000000066789979771251354778
0.000000000044324727591670689193
0.000000000064039228348045431795
0.000000000090649577663784588687
0.000000000095524138919215707648
0.000000000080462732705338252026
0.000000000055775781167210593984
0.000000000041944806948320413330
0.000000000031551388899187709335
0.000000000034089241745824080919
0.000000000034543932790467900008
0.000000000036701156632937868674
0.000000000039064448064972517681
0.000000000034709783029221162930
0.000000000031416569642191811133
0.000000000029114625178738102244
0.000000000023656664872973310847
0.000000000018785170430148142982
0.000000000016603912069598891945
0.000000000014720016073921639888
0.000000000012041109793742170720
0.000000000010056381343494496285
0.000000000009367295642646038202
0.000000000008944407215327024906
0.000000000008091226893183469805
0.000000000006939192966831011598
0.000000000005925308033772164764
0.000000000005258291704391543852
0.000000000004814409594249979232
0.000000000004554659370684435918
0.000000000004615335695636670679
0.000000000004965949682269678907
0.000000000005379438980063145227
0.000000000005628695278414613419
0.000000000005473481947528965268
0.000000000004558460570963456227
0.000000000002939059090197831067
0.000000000001420706940297686553
0.000000000000620842336470466841
0.000000000000609672709121895269
0.000000000000981776538022841260
0.000000000001292066561855751714
0.000000000001325207629034491050
0.000000000000909962314638933780
0.000000000000401461654767303172
0.000000000000010607346312934032
0.000000000000243975616166038755
0.000000000000904875901807172275
0.000000000001253496751710966958
0.000000000000642647259326144268
0.000000000000072881298282450644
0.000000000000334119684606985805
0.000000000000898761291641921463
0.000000000000814551267508837829
0.000000000000263341313771012152
0.000000000000322162716571776030
0.000000000000618431183969204496
0.000000000000588666703762450775
0.000000000000559783990332867056
0.000000000000393096351941802373
0.000000000000409565684632567476
0.000000000000942351232952465556
0.000000000000594876804034259061
0.000000000000210840626890230959
0.000000000001269961592997756260
0.000000000000800075245510856630
0.000000000000241742779478387819
0.000000000002183142628546159865
0.000000000000610509616567424957
0.000000000002863742543450587000
0.000000000004383810526691226074
0.000000000004722156949673236598
0.000000000006574784617866822351
0.000000000001855171180646251590
0.000000000001430050800259907992
0.000000000015498249906943808917
0.000000000035082224759379972727
0.000000000006495801683709782918
0.000000000011265091331017576966
0.000000000056436842961727601284
0.000000000015568042868559274095
0.000000000071999959216489767196
0.000000000070289938284350844952
0.000000000170503289688666231368
0.000000000016830492552576593258
