0.000000000000000009271642614645
0.000000000000000009261851641068
0.000000000000000009232521278373
0.000000000000000009183778999768
0.000000000000000009115836592003
0.000000000000000009028989156274
0.000000000000000008923613717045
0.000000000000000008800167446279
0.000000000000000008659185512656
0.000000000000000008501278567300
0.000000000000000008327129879518
0.000000000000000008137492137830
0.000000000000000007933183933345
0.000000000000000007715085944134
0.000000000000000007484136840776
0.000000000000000007241328934618
0.000000000000000006987703591522
0.000000000000000006724346434991
0.000000000000000006452382363501
0.000000000000000006172970407653
0.000000000000000005887298453407
0.000000000000000005596577858148
0.000000000000000005302037986638
0.000000000000000005004920694067
0.000000000000000004706474783437
0.000000000000000004407950464339
0.000000000000000004110593839890
0.000000000000000003815641448123
0.000000000000000003524314883567
0.000000000000000003237815523960
0.000000000000000002957319386249
0.000000000000000002683972134973
0.000000000000000002418884265108
0.000000000000000002163126480188
0.000000000000000001917725285274
0.000000000000000001683658812945
0.000000000000000001461852899057
0.000000000000000001253177423486
0.000000000000000001058442929548
0.000000000000000000878397534155
0.000000000000000000713724139169
0.000000000000000000565037952750
0.000000000000000000432884327858
0.000000000000000000317736923401
0.000000000000000000219996191898
0.000000000000000000139988195899
0.000000000000000000077963753815
0.000000000000000000034097914272
0.000000000000000000008489756589
0.000000000000000000001162513537
0.000000000000000000012064011150
0.000000000000000000041067419030
0.000000000000000000087972303331
0.000000000000000000152505973452
0.000000000000000000234325112344
0.000000000000000000333017679340
0.000000000000000000448105073483
0.000000000000000000579044544465
0.000000000000000000725231837570
0.000000000000000000886004058304
0.000000000000000001060642741838
0.000000000000000001248377111885
0.000000000000000001448387513221
0.000000000000000001659809001736
0.000000000000000001881735075661
0.000000000000000002113221531416
0.000000000000000002353290427482
0.000000000000000002600934139643
0.000000000000000002855119490983
0.000000000000000003114791940178
0.000000000000000003378879811743
0.000000000000000003646298552155
0.000000000000000003915954996038
0.000000000000000004186751626923
0.000000000000000004457590817467
0.000000000000000004727379034418
0.000000000000000004995030994071
0.000000000000000005259473754395
0.000000000000000005519650730564
0.000000000000000005774525621092
0.000000000000000006023086232357
0.000000000000000006264348189815
0.000000000000000006497358524810
0.000000000000000006721199126447
0.000000000000000006934990048559
0.000000000000000007137892662441
0.000000000000000007329112646558
0.000000000000000007507902805059
0.000000000000000007673565707525
0.000000000000000007825456142929
0.000000000000000007962983381427
0.000000000000000008085613238121
0.000000000000000008192869933565
0.000000000000000008284337746313
0.000000000000000008359662453394
0.000000000000000008418552555173
0.000000000000000008460780281576
0.000000000000000008486182377242
0.000000000000000008494660663706
