0.000000000000000009934838936992
0.000000000000000009924340884807
0.000000000000000009892892418764
0.000000000000000009840630394067
0.000000000000000009767782182768
0.000000000000000009674664597947
0.000000000000000009561682395740
0.000000000000000009429326363332
0.000000000000000009278171003260
0.000000000000000009108871826522
0.000000000000000008922162269078
0.000000000000000008718850248288
0.000000000000000008499814377726
0.000000000000000008265999860557
0.000000000000000008018414083286
0.000000000000000007758121933159
0.000000000000000007486240863871
0.000000000000000007203935735362
0.000000000000000006912413454546
0.000000000000000006612917444649
0.000000000000000006306721971509
0.000000000000000005995126355713
0.000000000000000005679449099784
0.000000000000000005361021959762
0.000000000000000005041183990560
0.000000000000000004721275594267
0.000000000000000004402632600216
0.000000000000000004086580405185
0.000000000000000003774428201359
0.000000000000000003467463318969
0.000000000000000003166945709496
0.000000000000000002874102594315
0.000000000000000002590123302428
0.000000000000000002316154319650
0.000000000000000002053294570179
0.000000000000000001802590950031
0.000000000000000001565034130203
0.000000000000000001341554645841
0.000000000000000001133019285947
0.000000000000000000940227796479
0.000000000000000000763909907906
0.000000000000000000604722696504
0.000000000000000000463248286901
0.000000000000000000339991901599
0.000000000000000000235380261403
0.000000000000000000149760339001
0.000000000000000000083398466160
0.000000000000000000036479793396
0.000000000000000000009108099327
0.000000000000000000001305945378
0.000000000000000000013015170021
0.000000000000000000044097715292
0.000000000000000000094336777040
0.000000000000000000163438269046
0.000000000000000000251032590033
0.000000000000000000356676681490
0.000000000000000000479856363229
0.000000000000000000619988932742
0.000000000000000000776426013597
0.000000000000000000948456637409
0.000000000000000001135310543339
0.000000000000000001336161678536
0.000000000000000001550131882526
0.000000000000000001776294738215
0.000000000000000002013679571929
0.000000000000000002261275584764
0.000000000000000002518036097413
0.000000000000000002782882890654
0.000000000000000003054710623759
0.000000000000000003332391313186
0.000000000000000003614778854153
0.000000000000000003900713567947
0.000000000000000004189026758105
0.000000000000000004478545259021
0.000000000000000004768095960888
0.000000000000000005056510295380
0.000000000000000005342628666925
0.000000000000000005625304814972
0.000000000000000005903410093172
0.000000000000000006175837651973
0.000000000000000006441506511704
0.000000000000000006699365513839
0.000000000000000006948397138727
0.000000000000000007187621178706
0.000000000000000007416098256134
0.000000000000000007632933176514
0.000000000000000007837278107517
0.000000000000000008028335575309
0.000000000000000008205361270277
0.000000000000000008367666654796
0.000000000000000008514621366355
0.000000000000000008645655409949
0.000000000000000008760261134250
0.000000000000000008857994986671
0.000000000000000008938479043031
0.000000000000000009001402308125
0.000000000000000009046521784059
0.000000000000000009073663303815
0.000000000000000009082722128064
