0.000000000000003284345357995913
0.000000000000003280387308075450
0.000000000000003268537472945914
0.000000000000003248868571392788
0.000000000000003221501053871987
0.000000000000003186601991148431
0.000000000000003144383538060978
0.000000000000003095100991700860
0.000000000000003039050468261957
0.000000000000002976566227402536
0.000000000000002908017677079227
0.000000000000002833806095413505
0.000000000000002754361109177505
0.000000000000002670136970899518
0.000000000000002581608678361395
0.000000000000002489267981374006
0.000000000000002393619321168450
0.000000000000002295175747537480
0.000000000000002194454858022992
0.000000000000002091974802000974
0.000000000000001988250390505661
0.000000000000001883789350107755
0.000000000000001779088756174887
0.000000000000001674631677457809
0.000000000000001570884060231549
0.000000000000001468291876247091
0.000000000000001367278554589349
0.000000000000001268242713263953
0.000000000000001171556202020711
0.000000000000001077562463635106
0.000000000000000986575216676384
0.000000000000000898877458753023
0.000000000000000814720785398602
0.000000000000000734325016192413
0.000000000000000657878116441156
0.000000000000000585536399815061
0.000000000000000517424994760382
0.000000000000000453638555319178
0.000000000000000394242195187848
0.000000000000000339272622441758
0.000000000000000288739451341414
0.000000000000000242626667006176
0.000000000000000200894218479173
0.000000000000000163479715791075
0.000000000000000130300207035738
0.000000000000000101254012168784
0.000000000000000076222591199414
0.000000000000000055072425632651
0.000000000000000037656893399114
0.000000000000000023818119046891
0.000000000000000013388782630218
0.000000000000000006193872478021
0.000000000000000002052368829103
0.000000000000000000778847148754
0.000000000000000002184991764979
0.000000000000000006081012255081
0.000000000000000012276956751631
0.000000000000000020583918000314
0.000000000000000030815129573439
0.000000000000000042786951107706
0.000000000000000056319742781831
0.000000000000000071238630470612
0.000000000000000087374164101452
0.000000000000000104562872694388
0.000000000000000122647720386914
0.000000000000000141478468432089
0.000000000000000160911948716250
0.000000000000000180812254776523
0.000000000000000201050856614957
0.000000000000000221506645813435
0.000000000000000242065917560275
0.000000000000000262622296215110
0.000000000000000283076610973019
0.000000000000000303336728051945
0.000000000000000323317345629338
0.000000000000000342939757504463
0.000000000000000362131591171493
0.000000000000000380826525664592
0.000000000000000398963994188124
0.000000000000000416488876181020
0.000000000000000433351183091469
0.000000000000000449505741762940
0.000000000000000464911878961154
0.000000000000000479533110208857
0.000000000000000493336835745589
0.000000000000000506294046096594
0.000000000000000518379039421495
0.000000000000000529569152521502
0.000000000000000539844507115320
0.000000000000000549187772749386
0.000000000000000557583947488135
0.000000000000000565020157334281
0.000000000000000571485475157189
0.000000000000000576970759758073
0.000000000000000581468515572731
0.000000000000000584972773403860
0.000000000000000587478992483866
0.000000000000000588983984092985
0.000000000000000589485856894198
