0.000000000000000516280393845746
0.000000000000000515682213183425
0.000000000000000513890774828711
0.000000000000000510915368948609
0.000000000000000506771410236321
0.000000000000000501480335163870
0.000000000000000495069459389168
0.000000000000000487571796554160
0.000000000000000479025840040220
0.000000000000000469475309559228
0.000000000000000458968864750278
0.000000000000000447559788219681
0.000000000000000435305640703123
0.000000000000000422267891241067
0.000000000000000408511525439739
0.000000000000000394104635038793
0.000000000000000379117992121675
0.000000000000000363624611385227
0.000000000000000347699303930768
0.000000000000000331418226049950
0.000000000000000314858426455658
0.000000000000000298097395352029
0.000000000000000281212618649767
0.000000000000000264281140514844
0.000000000000000247379137292696
0.000000000000000230581505678188
0.000000000000000213961467806769
0.000000000000000197590195726942
0.000000000000000181536457481553
0.000000000000000165866286778356
0.000000000000000150642677972187
0.000000000000000135925307814814
0.000000000000000121770285157495
0.000000000000000108229929518452
0.000000000000000095352579155873
0.000000000000000083182429019625
0.000000000000000071759398694246
0.000000000000000061119030194537
0.000000000000000051292415235470
0.000000000000000042306151372271
0.000000000000000034182326196179
0.000000000000000026938528578084
0.000000000000000020587885777297
0.000000000000000015139125077031
0.000000000000000010596658472551
0.000000000000000006960688822735
0.000000000000000004227335781267
0.000000000000000002388779749639
0.000000000000000001433422040381
0.000000000000000001346059404886
0.000000000000000002108071065081
0.000000000000000003697616391192
0.000000000000000006089841387818
0.000000000000000009257092186332
0.000000000000000013169133791886
0.000000000000000017793372396731
0.000000000000000023095079646576
0.000000000000000029037617331973
0.000000000000000035582661070539
0.000000000000000042690421646894
0.000000000000000050319862783803
0.000000000000000058428914228957
0.000000000000000066974679155423
0.000000000000000075913634989031
0.000000000000000085201826891268
0.000000000000000094795053240706
0.000000000000000104649042568390
0.000000000000000114719621512010
0.000000000000000124962873459223
0.000000000000000135335287651426
0.000000000000000145793898614897
0.000000000000000156296415876049
0.000000000000000166801344001049
0.000000000000000177268093076949
0.000000000000000187657079821505
0.000000000000000197929819571776
0.000000000000000208049009457475
0.000000000000000217978603113663
0.000000000000000227683877329003
0.000000000000000237131491060442
0.000000000000000246289537272981
0.000000000000000255127588084546
0.000000000000000263616733710874
0.000000000000000271729615714366
0.000000000000000279440455064053
0.000000000000000286725075511773
0.000000000000000293560922782525
0.000000000000000299927080065183
0.000000000000000305804280273703
0.000000000000000311174915528928
0.000000000000000316023044287484
0.000000000000000320334396517442
0.000000000000000324096377290624
0.000000000000000327298069129151
0.000000000000000329930233409175
0.000000000000000331985311088233
0.000000000000000333457422984379
0.000000000000000334342369795654
0.000000000000000334637632007696
