0.000000000000000015289549833776
0.000000000000000015273322666916
0.000000000000000015224712415639
0.000000000000000015143932483634
0.000000000000000015031337398240
0.000000000000000014887421098993
0.000000000000000014712814555051
0.000000000000000014508282724841
0.000000000000000014274720874960
0.000000000000000014013150278835
0.000000000000000013724713319124
0.000000000000000013410668021014
0.000000000000000013072382046640
0.000000000000000012711326183714
0.000000000000000012329067364043
0.000000000000000011927261250019
0.000000000000000011507644429293
0.000000000000000011072026259694
0.000000000000000010622280408074
0.000000000000000010160336128040
0.000000000000000009688169322570
0.000000000000000009207793438236
0.000000000000000008721250238199
0.000000000000000008230600501276
0.000000000000000007737914694255
0.000000000000000007245263664208
0.000000000000000006754709396855
0.000000000000000006268295886080
0.000000000000000005788040158488
0.000000000000000005315923495450
0.000000000000000004853882893401
0.000000000000000004403802801286
0.000000000000000003967507171966
0.000000000000000003546751862164
0.000000000000000003143217413118
0.000000000000000002758502241597
0.000000000000000002394116268247
0.000000000000000002051475007550
0.000000000000000001731894140803
0.000000000000000001436584590715
0.000000000000000001166648113257
0.000000000000000000923073419540
0.000000000000000000706732837550
0.000000000000000000518379520704
0.000000000000000000358645207324
0.000000000000000000228038532381
0.000000000000000000126943890087
0.000000000000000000055620843366
0.000000000000000000014204073634
0.000000000000000000002703861979
0.000000000000000000021007090484
0.000000000000000000068878750344
0.000000000000000000145963941365
0.000000000000000000251790345606
0.000000000000000000385771156184
0.000000000000000000547208440748
0.000000000000000000735296917681
0.000000000000000000949128121895
0.000000000000000001187694935989
0.000000000000000001449896461624
0.000000000000000001734543205211
0.000000000000000002040362551395
0.000000000000000002366004497377
0.000000000000000002710047620754
0.000000000000000003071005253449
0.000000000000000003447331834187
0.000000000000000003837429412095
0.000000000000000004239654274179
0.000000000000000004652323669739
0.000000000000000005073722605181
0.000000000000000005502110683185
0.000000000000000005935728960762
0.000000000000000006372806801381
0.000000000000000006811568697074
0.000000000000000007250241037202
0.000000000000000007687058801374
0.000000000000000008120272154903
0.000000000000000008548152926058
0.000000000000000008969000945328
0.000000000000000009381150227819
0.000000000000000009782974980906
0.000000000000000010172895420202
0.000000000000000010549383377897
0.000000000000000010910967688449
0.000000000000000011256239337618
0.000000000000000011583856361744
0.000000000000000011892548485115
0.000000000000000012181121484197
0.000000000000000012448461268385
0.000000000000000012693537667821
0.000000000000000012915407919682
0.000000000000000013113219845169
0.000000000000000013286214710267
0.000000000000000013433729764104
0.000000000000000013555200449555
0.000000000000000013650162281454
0.000000000000000013718252388553
0.000000000000000013759210716067
0.000000000000000013772880886363
