0.000000029518156887403695688170
0.000000008823177392748070475951
0.000000000156453101253722828296
0.000000000288455713319525089887
0.000000000076882051975944287938
0.000000000070237504053796506848
0.000000000137155738290295420118
0.000000000012576968658927168949
0.000000000063834643526076580743
0.000000000027232470440652512169
0.000000000080409282088283664418
0.000000000029686360550932003796
0.000000000046169103340078422487
0.000000000021713032918572432325
0.000000000035146172522549408893
0.000000000026789754137522362341
0.000000000043626269327045959830
0.000000000023271855907632921600
0.000000000034501520972414388853
0.000000000016072024161585084111
0.000000000024783059807256945487
0.000000000012483554730955229827
0.000000000019047209980198821229
0.000000000014225671547140132482
0.000000000014810883324006394825
0.000000000015953277261748220545
0.000000000013270292605077750659
0.000000000013984485259142527623
0.000000000012606273951716621126
0.000000000011884752592567512907
0.000000000009749824559811708608
0.000000000011096198957239577329
0.000000000007101671754440090424
0.000000000008246827142146908299
0.000000000007543245048673754589
0.000000000004345618986410493715
0.000000000007154005288234779362
0.000000000003801074320870866804
0.000000000003952026493196677027
0.000000000004527936232202314537
0.000000000002662565812533585673
0.000000000002623383021978829648
0.000000000003690898094778397007
0.000000000001119005765441126165
0.000000000002778562103922446266
0.000000000002093254615711506947
0.000000000000939276592190057792
0.000000000002190825172659936246
0.000000000000763175289828219177
0.000000000001147689644187682271
0.000000000000786853762859846968
0.000000000001126265625675669746
0.000000000000297966266552926412
0.000000000001280242399468940734
0.000000000000385169424838652964
0.000000000000730791362391611206
0.000000000000768380566153783716
0.000000000000260308916660266225
0.000000000000621772737824488202
0.000000000000203198366830053340
0.000000000000414357083084157034
0.000000000000251837299526600680
0.000000000000704940667281938898
0.000000000000117021903923550922
0.000000000000736873272075945052
0.000000000000016900111522942695
0.000000000000322469137608585020
0.000000000000212593101873366989
0.000000000000564282058302290404
0.000000000000248458947840967909
0.000000000000570987812781022418
0.000000000000081640818292605042
0.000000000000076800139204896364
0.000000000000675710717363153111
0.000000000000417452638638697984
0.000000000000402109778849147819
0.000000000000020780134887482824
0.000000000000518778739132737717
0.000000000000344301235399142154
0.000000000000999624926603372842
0.000000000000022351981125612143
0.000000000000142955186410723749
0.000000000002267218866001385514
0.000000000000527613574645402711
0.000000000002050015967176774852
0.000000000003990545856728489680
0.000000000000105979420095667090
0.000000000004578383595927261733
0.000000000000075820081786073907
0.000000000002235745523599517672
0.000000000005490053041555398915
0.000000000006422258249279051047
0.000000000005183522375985383214
0.000000000009471987869268593467
0.000000000002474876168850489178
0.000000000010402966010578832809
0.000000000032920498815359611289
0.000000000056618699307425816306
0.000000000022211584190496460708
