0.000000000000000062266699546160
0.000000000000000062199267743286
0.000000000000000061997280521931
0.000000000000000061661660819011
0.000000000000000061193941456902
0.000000000000000060596257071222
0.000000000000000059871332882431
0.000000000000000059022470383262
0.000000000000000058053530033541
0.000000000000000056968911072775
0.000000000000000055773528578850
0.000000000000000054472787918041
0.000000000000000053072556747299
0.000000000000000051579134744263
0.000000000000000049999221253465
0.000000000000000048339881048873
0.000000000000000046608508422904
0.000000000000000044812789820508
0.000000000000000042960665243687
0.000000000000000041060288656894
0.000000000000000039119987627125
0.000000000000000037148222434184
0.000000000000000035153544886571
0.000000000000000033144557076764
0.000000000000000031129870306336
0.000000000000000029118064406533
0.000000000000000027117647673546
0.000000000000000025137017629993
0.000000000000000023184422815074
0.000000000000000021267925795587
0.000000000000000019395367578664
0.000000000000000017574333594742
0.000000000000000015812121406126
0.000000000000000014115710282600
0.000000000000000012491732771030
0.000000000000000010946448370985
0.000000000000000009485719413094
0.000000000000000008114989221371
0.000000000000000006839262625212
0.000000000000000005663088871219
0.000000000000000004590546969707
0.000000000000000003625233495676
0.000000000000000002770252849343
0.000000000000000002028209967198
0.000000000000000001401205460868
0.000000000000000000890833148186
0.000000000000000000498179928603
0.000000000000000000223827943662
0.000000000000000000067858952665
0.000000000000000000029860843968
0.000000000000000000108936193567
0.000000000000000000303712774796
0.000000000000000000612355916101
0.000000000000000001032582597931
0.000000000000000001561677174870
0.000000000000000002196508605100
0.000000000000000002933549066266
0.000000000000000003768893834619
0.000000000000000004698282303055
0.000000000000000005717120013184
0.000000000000000006820501576929
0.000000000000000008003234364202
0.000000000000000009259862834991
0.000000000000000010584693396567
0.000000000000000011971819669512
0.000000000000000013415148049735
0.000000000000000014908423457610
0.000000000000000016445255169688
0.000000000000000018019142633122
0.000000000000000019623501167870
0.000000000000000021251687466948
0.000000000000000022897024810267
0.000000000000000024552827913060
0.000000000000000026212427335373
0.000000000000000027869193384556
0.000000000000000029516559448154
0.000000000000000031148044699936
0.000000000000000032757276127029
0.000000000000000034338009831184
0.000000000000000035884151562103
0.000000000000000037389776445364
0.000000000000000038849147871957
0.000000000000000040256735520523
0.000000000000000041607232487335
0.000000000000000042895571502581
0.000000000000000044116940214845
0.000000000000000045266795528633
0.000000000000000046340876982490
0.000000000000000047335219157657
0.000000000000000048246163109261
0.000000000000000049070366813898
0.000000000000000049804814628963
0.000000000000000050446825760371
0.000000000000000050994061736379
0.000000000000000051444532885984
0.000000000000000051796603821054
0.000000000000000052048997921734
0.000000000000000052200800825004
0.000000000000000052251462916403
