0.000000000000000022421574704710
0.000000000000000022397671030393
0.000000000000000022326065910662
0.000000000000000022207076533069
0.000000000000000022041229806246
0.000000000000000021829259764542
0.000000000000000021572103955631
0.000000000000000021270898831986
0.000000000000000020926974172854
0.000000000000000020541846568902
0.000000000000000020117212006976
0.000000000000000019654937597456
0.000000000000000019157052491436
0.000000000000000018625738039316
0.000000000000000018063317246458
0.000000000000000017472243585190
0.000000000000000016855089225689
0.000000000000000016214532751056
0.000000000000000015553346424303
0.000000000000000014874383076836
0.000000000000000014180562689501
0.000000000000000013474858738214
0.000000000000000012760284376739
0.000000000000000012039878529197
0.000000000000000011316691964512
0.000000000000000010593773424151
0.000000000000000009874155873220
0.000000000000000009160842943312
0.000000000000000008456795633405
0.000000000000000007764919332666
0.000000000000000007088051226217
0.000000000000000006428948141804
0.000000000000000005790274891917
0.000000000000000005174593162250
0.000000000000000004584350993491
0.000000000000000004021872899379
0.000000000000000003489350659722
0.000000000000000002988834822681
0.000000000000000002522226946229
0.000000000000000002091272604109
0.000000000000000001697555177130
0.000000000000000001342490446075
0.000000000000000001027321997997
0.000000000000000000753117453238
0.000000000000000000520765516170
0.000000000000000000330973848412
0.000000000000000000184267759190
0.000000000000000000080989703594
0.000000000000000000021299575710
0.000000000000000000005175780101
0.000000000000000000032417061738
0.000000000000000000102645071406
0.000000000000000000215307640742
0.000000000000000000369682738426
0.000000000000000000564883076698
0.000000000000000000799861335255
0.000000000000000001073415967720
0.000000000000000001384197554302
0.000000000000000001730715662882
0.000000000000000002111346179724
0.000000000000000002524339070091
0.000000000000000002967826528511
0.000000000000000003439831477980
0.000000000000000003938276377273
0.000000000000000004460992295548
0.000000000000000005005728213665
0.000000000000000005570160512053
0.000000000000000006151902605541
0.000000000000000006748514686295
0.000000000000000007357513536875
0.000000000000000007976382376425
0.000000000000000008602580704111
0.000000000000000009233554105097
0.000000000000000009866743985685
0.000000000000000010499597205508
0.000000000000000011129575576143
0.000000000000000011754165196895
0.000000000000000012370885599994
0.000000000000000012977298678923
0.000000000000000013571017375093
0.000000000000000014149714099553
0.000000000000000014711128867899
0.000000000000000015253077128029
0.000000000000000015773457261756
0.000000000000000016270257742751
0.000000000000000016741563934585
0.000000000000000017185564513991
0.000000000000000017600557505708
0.000000000000000017984955916501
0.000000000000000018337292957101
0.000000000000000018656226841970
0.000000000000000018940545157811
0.000000000000000019189168792815
0.000000000000000019401155419595
0.000000000000000019575702525696
0.000000000000000019712149986477
0.000000000000000019809982176001
0.000000000000000019868829612443
0.000000000000000019888470135294
