0.000000003120879081799189091184
0.000000002246671621576041941904
0.000000000755077779264966457542
0.000000000072766203790373928409
0.000000000015477709952254709227
0.000000000003557817236708864652
0.000000000015210127412111776488
0.000000000049266340267457808812
0.000000000028270704813660806466
0.000000000006503417586349467691
0.000000000017045853319947711695
0.000000000020558771570240005879
0.000000000008491061115604526177
0.000000000004331399726042399987
0.000000000012396842771855280142
0.000000000012745842720100209878
0.000000000005336937099226059869
0.000000000007665867236367434999
0.000000000011300351093241354235
0.000000000006509719344522173989
0.000000000006097564315935799068
0.000000000008984027390731080307
0.000000000005851585406199382124
0.000000000004543700140293356813
0.000000000006541997673127997846
0.000000000005066945537438983092
0.000000000003983241995305302751
0.000000000004484161558131195353
0.000000000003661978921261774819
0.000000000003604218006835948437
0.000000000003356801745073951433
0.000000000002611795645967108138
0.000000000002960228782135872977
0.000000000002350750490722632390
0.000000000002026760431342731254
0.000000000002377122957632758978
0.000000000001442424237352154642
0.000000000001649804419990347054
0.000000000001854075173044920811
0.000000000000854283428749724554
0.000000000001346854032861315689
0.000000000001289664536586519139
0.000000000000598845925726472573
0.000000000001014980692417637185
0.000000000000723609219793758991
0.000000000000567210290151296554
0.000000000000654906130262339454
0.000000000000322928840752929970
0.000000000000632114839086376395
0.000000000000368387630093610394
0.000000000000179904293768578798
0.000000000000659255240085923344
0.000000000000207377715415253134
0.000000000000153630747360755529
0.000000000000509074573015812710
0.000000000000126962985050674160
0.000000000000086376705021081077
0.000000000000213108272531206913
0.000000000000115189652486437533
0.000000000000056237556124293328
0.000000000000034147466629368995
0.000000000000207726694353699599
0.000000000000139996857192883649
0.000000000000013914492746215225
0.000000000000196538295316355613
0.000000000000145735834448194389
0.000000000000006044963351124582
0.000000000000035768980235735092
0.000000000000070671527355302346
0.000000000000086473016235006570
0.000000000000040136476092209008
0.000000000000102405322420788983
0.000000000000199266852394439217
0.000000000000117493618507930704
0.000000000000039785761890867259
0.000000000000026510761978685430
0.000000000000020882342536413036
0.000000000000112519898103186316
0.000000000000226920729462389338
0.000000000000092374930174615899
0.000000000000204011165435973551
0.000000000000611916331924822955
0.000000000000320404342241159768
0.000000000000378298302907679543
0.000000000000693160958302377871
0.000000000000127423223154238748
0.000000000001384266119600161025
0.000000000002555615000912503718
0.000000000000714749864560784565
0.000000000000130317477014890728
0.000000000000252748222996220542
0.000000000000985870717461043114
0.000000000003176273857595588758
0.000000000001059772927324246567
0.000000000002436932490263043779
0.000000000010677257381708544410
0.000000000009676368513075730071
0.000000000002821050268841410257
0.000000000000906992570602110932
