0.000000000000000110561165328863
0.000000000000000110439972523146
0.000000000000000110076961268293
0.000000000000000109473829912492
0.000000000000000108633398595322
0.000000000000000107559593662169
0.000000000000000106257425994766
0.000000000000000104732963406607
0.000000000000000102993297292281
0.000000000000000101046503758335
0.000000000000000098901599499945
0.000000000000000096568492721981
0.000000000000000094057929434837
0.000000000000000091381435484334
0.000000000000000088551254700901
0.000000000000000085580283575863
0.000000000000000082482002891945
0.000000000000000079270406750773
0.000000000000000075959929452295
0.000000000000000072565370689457
0.000000000000000069101819526251
0.000000000000000065584577628347
0.000000000000000062029082213041
0.000000000000000058450829179253
0.000000000000000054865296868938
0.000000000000000051287870898667
0.000000000000000047733770484484
0.000000000000000044217976664680
0.000000000000000040755162803980
0.000000000000000037359627739240
0.000000000000000034045231901144
0.000000000000000030825336719044
0.000000000000000027712747587152
0.000000000000000024719660640156
0.000000000000000021857613555219
0.000000000000000019137440565558
0.000000000000000016569231838692
0.000000000000000014162297340239
0.000000000000000011925135272150
0.000000000000000009865405142691
0.000000000000000007989905494688
0.000000000000000006304556288600
0.000000000000000004814385908270
0.000000000000000003523522729758
0.000000000000000002435191167803
0.000000000000000001551712090222
0.000000000000000000874507468117
0.000000000000000000404109109275
0.000000000000000000140171303575
0.000000000000000000081487192760
0.000000000000000000226008662513
0.000000000000000000570869542497
0.000000000000000001112411889819
0.000000000000000001846215123255
0.000000000000000002767127769524
0.000000000000000003869301578743
0.000000000000000005146227764082
0.000000000000000006590775120174
0.000000000000000008195229776264
0.000000000000000009951336342970
0.000000000000000011850340216019
0.000000000000000013883030806104
0.000000000000000016039785471084
0.000000000000000018310613934867
0.000000000000000020685202986445
0.000000000000000023152961262471
0.000000000000000025703063927407
0.000000000000000028324497076419
0.000000000000000031006101697816
0.000000000000000033736617043687
0.000000000000000036504723269465
0.000000000000000039299083215230
0.000000000000000042108383213620
0.000000000000000044921372821107
0.000000000000000047726903380991
0.000000000000000050513965337794
0.000000000000000053271724233546
0.000000000000000055989555326872
0.000000000000000058657076785568
0.000000000000000061264181412604
0.000000000000000063801066874028
0.000000000000000066258264405171
0.000000000000000068626665978703
0.000000000000000070897549924565
0.000000000000000073062604997539
0.000000000000000075113952893184
0.000000000000000077044169217139
0.000000000000000078846302916338
0.000000000000000080513894183507
0.000000000000000082040990848480
0.000000000000000083422163271377
0.000000000000000084652517753592
0.000000000000000085727708482851
0.000000000000000086643948028376
0.000000000000000087398016401521
0.000000000000000087987268696080
0.000000000000000088409641320951
0.000000000000000088663656836006
0.000000000000000088748427399872
