0.000000012569865620158458926680
0.000000005969298282653206468542
0.000000000184350533205287544752
0.000000000291590606704248932125
0.000000000077077054844761508598
0.000000000023919779312388052427
0.000000000019376354517739086248
0.000000000101287666077952573607
0.000000000022585137656971196169
0.000000000028347285832708745416
0.000000000031580732332916620306
0.000000000008159579755323980507
0.000000000032473073165259379298
0.000000000030086979657851697835
0.000000000021102540168365662891
0.000000000032552198471137296054
0.000000000010533863835050984277
0.000000000021551872339703920625
0.000000000011060310655841895348
0.000000000013136605367030908311
0.000000000013171476910753634893
0.000000000009865299013061396147
0.000000000015414237180207824877
0.000000000008913554371914738112
0.000000000013401512530146040999
0.000000000009172885540998333767
0.000000000011134905509670108994
0.000000000007842775616654540195
0.000000000009031890368965261850
0.000000000006912166940971753235
0.000000000006475247243799525545
0.000000000006046873601722657869
0.000000000005028840278169791210
0.000000000004629938216206179239
0.000000000004350781593773193851
0.000000000003422391538121291400
0.000000000003597606715123232238
0.000000000002706860148661767298
0.000000000002760376377856091809
0.000000000002260226506628160638
0.000000000002024482469394781516
0.000000000001938358122999034710
0.000000000001440110873412661720
0.000000000001742234851194057137
0.000000000000967788076179337772
0.000000000001649366134654626789
0.000000000000608020180632699072
0.000000000001512754148045771024
0.000000000000416589530421369223
0.000000000001225594475639295896
0.000000000000407399198794449440
0.000000000000827633564236502941
0.000000000000520816006370698104
0.000000000000413810795898289110
0.000000000000599108271693935466
0.000000000000184975595177488152
0.000000000000520711967019828596
0.000000000000255570373393978157
0.000000000000291668960150500013
0.000000000000521203769496243529
0.000000000000043832822062957472
0.000000000000653409249253522722
0.000000000000017633924607158607
0.000000000000469523846733794758
0.000000000000163168088812937360
0.000000000000083091666614239544
0.000000000000305983531893817626
0.000000000000096568436963572710
0.000000000000348247747065974382
0.000000000000441124089346630563
0.000000000000108771534199553298
0.000000000000310925823891817270
0.000000000000051291316542406734
0.000000000000029268738591508226
0.000000000000606383044731781525
0.000000000000166888248386696052
0.000000000000537278376162154409
0.000000000000094776166793698160
0.000000000000055656722418654657
0.000000000000326458033731266106
0.000000000001090834043047075425
0.000000000000084641167304521846
0.000000000001219165830389290260
0.000000000000648563019890285176
0.000000000001737618717161460510
0.000000000000164762457307190037
0.000000000003619508484536237440
0.000000000000829296871907809568
0.000000000001098255232917107482
0.000000000001111419566590851076
0.000000000000952861289455829155
0.000000000001932092167960471392
0.000000000006671292271717217459
0.000000000003409046142089015973
0.000000000011378748718881901810
0.000000000000462815407201756027
0.000000000013503739057674703125
0.000000000019209978024754043189
0.000000000026730171277400940719
