0.000000072861166291913215804908
0.000000009793611283694670416589
0.000000000839628116165966188121
0.000000000527942830713157933363
0.000000000030513494607565284930
0.000000000075862605773899965691
0.000000000111662906455013213334
0.000000000120292753333430493385
0.000000000028307780358090760371
0.000000000131115478509517507172
0.000000000046808944898170366422
0.000000000072314547855881015295
0.000000000042834764084638980847
0.000000000050453107589614981576
0.000000000080893001409707131236
0.000000000042397038568873025585
0.000000000042795889051905578940
0.000000000041128597383583691950
0.000000000027236208411536823518
0.000000000040265809284572449536
0.000000000040950209966376358413
0.000000000032032633196340016217
0.000000000033672135195518907359
0.000000000034656109896708861382
0.000000000018536454207420953773
0.000000000019130164834798174179
0.000000000023385930383133421504
0.000000000018242623931933801010
0.000000000009477912878636968149
0.000000000015947410902692035388
0.000000000019176371813951930623
0.000000000015110274067780526673
0.000000000009266977458031443012
0.000000000010147171836719865001
0.000000000013576550742796575963
0.000000000012807213959261674514
0.000000000010541456245665257394
0.000000000006280849178276986431
0.000000000005135007870521868662
0.000000000008376359243711420417
0.000000000008947130779036598685
0.000000000005926403310029998468
0.000000000003519695747785901252
0.000000000002683399451032380517
0.000000000002991328372976764092
0.000000000004514846468204397316
0.000000000005058945395979953252
0.000000000002588743564394971193
0.000000000000498002597827434946
0.000000000001762786033990776057
0.000000000002608363562863298332
0.000000000001511044445114542394
0.000000000001511913877242205510
0.000000000001457663082490225893
0.000000000000139593202011656341
0.000000000000838026113013023729
0.000000000001899939051165444913
0.000000000000708851950585984731
0.000000000000503458737978479794
0.000000000000968976971150149612
0.000000000000092000105634242274
0.000000000000626738062564679734
0.000000000001092138014074833840
0.000000000000108191767177609516
0.000000000000899443825784767350
0.000000000000903862588298453986
0.000000000000075388959483991560
0.000000000000603633147550845156
0.000000000000049933801494470655
0.000000000000915928153385562660
0.000000000001442422412742474796
0.000000000000042522977956783655
0.000000000000418313125230198395
0.000000000000239605202711091861
0.000000000001063727929815722101
0.000000000000566856583601324420
0.000000000000473247495907305915
0.000000000001712654075618392539
0.000000000000268231002280385822
0.000000000000106843202577587212
0.000000000000726236161667719231
0.000000000001722674113109652226
0.000000000000069767024114332055
0.000000000000947704458373699020
0.000000000005736691513943239054
0.000000000001608032455117825182
0.000000000000779818956138648289
0.000000000009939278687041175761
0.000000000001137446047666763717
0.000000000004896850023775009021
0.000000000016139023789697821507
0.000000000008081141682391844477
0.000000000009694785846526667961
0.000000000009298084508669360590
0.000000000044980598081204125715
0.000000000014795622006526961783
0.000000000001299280939590900774
0.000000000086132237212399052606
0.000000000051152571166206302161
