0.000000000000000150020724856398
0.000000000000000149854987086872
0.000000000000000149358561185829
0.000000000000000148533804886826
0.000000000000000147384632814484
0.000000000000000145916494199952
0.000000000000000144136341906345
0.000000000000000142052592985474
0.000000000000000139675081046938
0.000000000000000137015000777829
0.000000000000000134084845005424
0.000000000000000130898334745781
0.000000000000000127470342727788
0.000000000000000123816810924399
0.000000000000000119954662660323
0.000000000000000115901709897957
0.000000000000000111676556330620
0.000000000000000107298496934039
0.000000000000000102787414643390
0.000000000000000098163674833942
0.000000000000000093448018288543
0.000000000000000088661453334815
0.000000000000000083825147829099
0.000000000000000078960321653191
0.000000000000000074088140373710
0.000000000000000069229610693099
0.000000000000000064405478295796
0.000000000000000059636128663577
0.000000000000000054941491400683
0.000000000000000050340948572655
0.000000000000000045853247523031
0.000000000000000041496418589894
0.000000000000000037287698099915
0.000000000000000033243456971648
0.000000000000000029379135212742
0.000000000000000025709182548004
0.000000000000000022247005367174
0.000000000000000019004920133492
0.000000000000000015994113346841
0.000000000000000013224608109026
0.000000000000000010705237293827
0.000000000000000008443623281294
0.000000000000000006446164174505
0.000000000000000004718026378141
0.000000000000000003263143381826
0.000000000000000002084220557499
0.000000000000000001182745749371
0.000000000000000000559005407257
0.000000000000000000212105989525
0.000000000000000000140000340459
0.000000000000000000339518728743
0.000000000000000000806404218748
0.000000000000000001535352034604
0.000000000000000002520052568380
0.000000000000000003753237678078
0.000000000000000005226729918481
0.000000000000000006931494347952
0.000000000000000008857692557016
0.000000000000000010994738569678
0.000000000000000013331356275880
0.000000000000000015855638062955
0.000000000000000018555104325280
0.000000000000000021416763544306
0.000000000000000024427172645568
0.000000000000000027572497354899
0.000000000000000030838572292690
0.000000000000000034210960562477
0.000000000000000037675012608141
0.000000000000000041215924132368
0.000000000000000044818792887653
0.000000000000000048468674169712
0.000000000000000052150634861621
0.000000000000000055849805895173
0.000000000000000059551433013630
0.000000000000000063240925737168
0.000000000000000066903904448731
0.000000000000000070526245533635
0.000000000000000074094124520973
0.000000000000000077594057188640
0.000000000000000081012938606510
0.000000000000000084338080103948
0.000000000000000087557244158355
0.000000000000000090658677210829
0.000000000000000093631140423270
0.000000000000000096463938398275
0.000000000000000099146945889170
0.000000000000000101670632532224
0.000000000000000104026085636858
0.000000000000000106205031072235
0.000000000000000108199852290227
0.000000000000000110003607525386
0.000000000000000111610045212238
0.000000000000000113013617659086
0.000000000000000114209493015565
0.000000000000000115193565568539
0.000000000000000115962464397655
0.000000000000000116513560417995
0.000000000000000116844971832957
0.000000000000000116955568015763
