0.000000004143363228144032283736
0.000000002750425377995111559307
0.000000000632642414469051793748
0.000000000009357136007237070998
0.000000000114049566194069022633
0.000000000062582171518418916482
0.000000000010082134603762907821
0.000000000001016131389849920182
0.000000000013845618149543932544
0.000000000039953045958871593426
0.000000000021825624034350663258
0.000000000011283284256301841157
0.000000000023388925694306118130
0.000000000015112250311488214052
0.000000000004226220124715549441
0.000000000009856090814367979331
0.000000000012688966196929928477
0.000000000005524934052168763241
0.000000000007600340077672906466
0.000000000011968211848020673328
0.000000000006369016641588937475
0.000000000008148649324458794903
0.000000000010604336543433234509
0.000000000005386871166844267669
0.000000000006812836886560484483
0.000000000007433588166153004254
0.000000000004379020777687582207
0.000000000005388427764511430431
0.000000000004388691423719032029
0.000000000003511372997146035365
0.000000000004068491407401811005
0.000000000002682647073546766461
0.000000000002869751994047542384
0.000000000002605215070488149876
0.000000000002002941872238441993
0.000000000002297968377929279620
0.000000000001439411802533124760
0.000000000001818719691528378439
0.000000000001633720832342313310
0.000000000000899389605521941860
0.000000000001609200921950458699
0.000000000001000421697928178394
0.000000000000794497932279349547
0.000000000001152761644894232890
0.000000000000674823414070572330
0.000000000000698813359634231203
0.000000000000659652418389411154
0.000000000000643471814623878836
0.000000000000441024507720650388
0.000000000000433133334608593654
0.000000000000653162240614546239
0.000000000000207127962678619270
0.000000000000419861340291148266
0.000000000000556018637508083397
0.000000000000113187552127862041
0.000000000000331840439793643024
0.000000000000425153403322361847
0.000000000000089573000421994370
0.000000000000196354809128035611
0.000000000000395756479666570533
0.000000000000089079013579975074
0.000000000000127356649410846702
0.000000000000331823822218406150
0.000000000000103411657525672847
0.000000000000040776915035123342
0.000000000000163793956598588838
0.000000000000228442821383696820
0.000000000000027603668820571718
0.000000000000170737394678660131
0.000000000000420115343088217109
0.000000000000071176557715105920
0.000000000000114078209430775249
0.000000000000188767198256595626
0.000000000000068979430388054426
0.000000000000050961488663667198
0.000000000000051674087541708523
0.000000000000508213547997403352
0.000000000000346492044006396293
0.000000000000056882430889996544
0.000000000000401600044634049128
0.000000000000196983033639305285
0.000000000000390069316444529325
0.000000000000500509531075750231
0.000000000000008078183913133915
0.000000000001234661654385833034
0.000000000001697478509645446661
0.000000000000381444762746668562
0.000000000000882604856445293659
0.000000000000733322623187703066
0.000000000000066069017530789702
0.000000000000568676042788710302
0.000000000000474764403147488171
0.000000000002364044335548147561
0.000000000002285144316309730723
0.000000000003058651346153651419
0.000000000010841189262036471242
0.000000000012242777162447386426
0.000000000009312951890636833364
0.000000000009878725186192940231
