0.000000000000000082490006115593
0.000000000000000082400174810817
0.000000000000000082131095961768
0.000000000000000081684012525879
0.000000000000000081060988652386
0.000000000000000080264898564547
0.000000000000000079299411098213
0.000000000000000078168969999133
0.000000000000000076878770109195
0.000000000000000075434729598428
0.000000000000000073843458425023
0.000000000000000072112223229415
0.000000000000000070248908890657
0.000000000000000068261976993568
0.000000000000000066160421473359
0.000000000000000063953721720529
0.000000000000000061651793442615
0.000000000000000059264937590807
0.000000000000000056803787668479
0.000000000000000054279255745221
0.000000000000000051702477504037
0.000000000000000049084756650991
0.000000000000000046437509015718
0.000000000000000043772206668037
0.000000000000000041100322370317
0.000000000000000038433274677530
0.000000000000000035782373987045
0.000000000000000033158769828379
0.000000000000000030573399669451
0.000000000000000028036939500546
0.000000000000000025559756440329
0.000000000000000023151863590108
0.000000000000000020822877343191
0.000000000000000018581977335957
0.000000000000000016437869206213
0.000000000000000014398750302870
0.000000000000000012472278468973
0.000000000000000010665543998072
0.000000000000000008985044841727
0.000000000000000007436665124104
0.000000000000000006025656997964
0.000000000000000004756625855364
0.000000000000000003633518885974
0.000000000000000002659616956328
0.000000000000000001837529764702
0.000000000000000001169194208664
0.000000000000000000655875885903
0.000000000000000000298173633636
0.000000000000000000096026997972
0.000000000000000000048726511909
0.000000000000000000154926649449
0.000000000000000000412661313374
0.000000000000000000819361705835
0.000000000000000001371876423820
0.000000000000000002066493615911
0.000000000000000002898965032439
0.000000000000000003864531798195
0.000000000000000004957951735104
0.000000000000000006173528061850
0.000000000000000007505139298048
0.000000000000000008946270202370
0.000000000000000010490043576730
0.000000000000000012129252772372
0.000000000000000013856394738155
0.000000000000000015663703456641
0.000000000000000017543183619477
0.000000000000000019486644400056
0.000000000000000021485733188409
0.000000000000000023531969160611
0.000000000000000025616776562643
0.000000000000000027731517596513
0.000000000000000029867524804430
0.000000000000000032016132854877
0.000000000000000034168709642480
0.000000000000000036316686621495
0.000000000000000038451588300554
0.000000000000000040565060833912
0.000000000000000042648899651756
0.000000000000000044695076079185
0.000000000000000046695762900139
0.000000000000000048643358828887
0.000000000000000050530511857549
0.000000000000000052350141453603
0.000000000000000054095459586344
0.000000000000000055759990565812
0.000000000000000057337589681757
0.000000000000000058822460633869
0.000000000000000060209171747591
0.000000000000000061492670972555
0.000000000000000062668299662890
0.000000000000000063731805140474
0.000000000000000064679352043591
0.000000000000000065507532464456
0.000000000000000066213374879750
0.000000000000000066794351878586
0.000000000000000067248386692403
0.000000000000000067573858531010
0.000000000000000067769606728561
0.000000000000000067834933702609
