0.000000013312270879461115997467
0.000000005523548490592045126780
0.000000000064968991932413937556
0.000000000322399399369674526522
0.000000000025480461813846441720
0.000000000090989475288157427897
0.000000000030446638733832227126
0.000000000010292646585825018047
0.000000000060155190458066093143
0.000000000041323349765200001811
0.000000000018936264328860596519
0.000000000033179903846986448363
0.000000000016838172640221316618
0.000000000028435346274919831608
0.000000000032493403841640772295
0.000000000019458563724848529384
0.000000000029875216176893855676
0.000000000008088180477093610535
0.000000000021677239063499972600
0.000000000008595050895972333933
0.000000000019896322531074542623
0.000000000011688417261590357422
0.000000000019925548876059381891
0.000000000013761659542497172447
0.000000000017164624583078339805
0.000000000010962492607526687200
0.000000000014657546168655754614
0.000000000007039262470289283002
0.000000000011108760390653839177
0.000000000004544675896378517686
0.000000000007668653616094696427
0.000000000002907801295022793804
0.000000000005886739960906991499
0.000000000002060463279080504741
0.000000000005009193319413225662
0.000000000002010239257588768294
0.000000000003998258038647186871
0.000000000002572111455810747168
0.000000000002800563968447958718
0.000000000003310089486737876044
0.000000000001757338360951926158
0.000000000003630883755679504600
0.000000000001208398430010809210
0.000000000003280853639748515789
0.000000000001402385015964164342
0.000000000002423043948775227030
0.000000000002042717612428971761
0.000000000001458587403947792641
0.000000000002378245372324851496
0.000000000000845048373880692951
0.000000000001964774075038343383
0.000000000000852064656200341464
0.000000000001068666705043072043
0.000000000001311440234206913454
0.000000000000357296568081093956
0.000000000001643186291711563297
0.000000000000160259078829540246
0.000000000001345298231476794225
0.000000000000255828385419734574
0.000000000000578229625254198738
0.000000000000585090802077940647
0.000000000000262890935639566637
0.000000000001005681692303621769
0.000000000000368840880209769413
0.000000000000766033274413383332
0.000000000000226237014729181897
0.000000000000204336798568107684
0.000000000000463881027616121684
0.000000000000496845928492574265
0.000000000000881424412112486499
0.000000000000524938594600343062
0.000000000000263114053043142637
0.000000000000312993206790120158
0.000000000000357283856740568967
0.000000000001128947011478010924
0.000000000000773499388739866428
0.000000000000526586446699477312
0.000000000000509701755629973043
0.000000000000192739451885954232
0.000000000002357363050932022229
0.000000000000434304203299685389
0.000000000001606756644196585435
0.000000000001035209001528812350
0.000000000001205493679774998886
0.000000000002131225913063145268
0.000000000002741580583259788627
0.000000000000225704535781799941
0.000000000003838178711226568950
0.000000000000462089868487503773
0.000000000005013538196004372140
0.000000000001855791097787711854
0.000000000000839998229347768676
0.000000000016973949884261835008
0.000000000002975531111210416722
0.000000000011740236089090193970
0.000000000001416453359658833525
0.000000000034450578800057817947
0.000000000010176509662956589188
0.000000000023673471970373542512
