0.000000030941443277947976602737
0.000000007801509496293077893831
0.000000000422688785770934947617
0.000000000127199524614238028292
0.000000000172876708378300494924
0.000000000059445599450987773154
0.000000000027745061823013686877
0.000000000118622241226182477639
0.000000000017310691781995051879
0.000000000059503403990491366773
0.000000000035146358599711579828
0.000000000066785967576085647726
0.000000000026699789142621860730
0.000000000043747910477444409795
0.000000000022708319028518502965
0.000000000049125781220324419163
0.000000000022323818167104850088
0.000000000051819527419596102926
0.000000000016343462255404880921
0.000000000029087032932324120866
0.000000000017936017965534495700
0.000000000016116817417008946275
0.000000000026099004027308275030
0.000000000011905234851134673418
0.000000000027016107409631742140
0.000000000019819627920953054444
0.000000000014663486380545281180
0.000000000021828475280221525918
0.000000000012813610461817348428
0.000000000009938996359716873562
0.000000000013185397142748011351
0.000000000007687984075433466928
0.000000000005187869624455385549
0.000000000008378783894869882586
0.000000000004889256406477543992
0.000000000002828033174473044583
0.000000000007396039937412786185
0.000000000002853362750632671033
0.000000000002830876964775654658
0.000000000005542678901474511377
0.000000000003120090014077135649
0.000000000001811778558792461948
0.000000000005064469799599194656
0.000000000003327706870549675790
0.000000000001199730928368140420
0.000000000004447390657733472365
0.000000000002467380893851525762
0.000000000001492096794047724275
0.000000000002299071751999329486
0.000000000001934695987130162956
0.000000000001880626251563745054
0.000000000000686301262649045522
0.000000000002419332349200130176
0.000000000001114953307672344435
0.000000000000830526693408016964
0.000000000000962024858725603091
0.000000000000874389912514025844
0.000000000001428507557401453529
0.000000000000042041397229998434
0.000000000001479093046935517020
0.000000000000473247008612383518
0.000000000000463068867351240733
0.000000000000045656554547815835
0.000000000001241139661794070522
0.000000000000927463282933938227
0.000000000000178949979309524351
0.000000000000492462475040197442
0.000000000000465882502623793537
0.000000000000783713742305658478
0.000000000000397200495853243221
0.000000000001226080619523447109
0.000000000000145580673554931558
0.000000000000361132217813787820
0.000000000000710725567415458898
0.000000000001813708616557945895
0.000000000000047453588454305620
0.000000000000064617736737724061
0.000000000001451144017424586161
0.000000000002139642138351852628
0.000000000000003582509320860602
0.000000000000101437369872031314
0.000000000004228137392981851028
0.000000000000963309499868634970
0.000000000001342636787391770592
0.000000000004664306795079739597
0.000000000000812420922530991195
0.000000000004391379797477589968
0.000000000000947683146870488428
0.000000000005527041582690123616
0.000000000001285554784724573621
0.000000000006474613706798608491
0.000000000002877515960046479444
0.000000000021891135813118122794
0.000000000002298510293691102595
0.000000000003772889600839986022
0.000000000027794307920563917365
0.000000000027591305591017651563
0.000000000027939517620310284496
0.000000000014542839526093546489
