0.000000000000000013199687474936
0.000000000000000013185700261928
0.000000000000000013143799844206
0.000000000000000013074169592009
0.000000000000000012977114145156
0.000000000000000012853057952874
0.000000000000000012702543240897
0.000000000000000012526227417113
0.000000000000000012324879930078
0.000000000000000012099378597740
0.000000000000000011850705426572
0.000000000000000011579941944033
0.000000000000000011288264069897
0.000000000000000010976936554343
0.000000000000000010647307012989
0.000000000000000010300799591028
0.000000000000000009938908290457
0.000000000000000009563189996008
0.000000000000000009175257236717
0.000000000000000008776770721222
0.000000000000000008369431685779
0.000000000000000007954974094598
0.000000000000000007535156732545
0.000000000000000007111755230382
0.000000000000000006686554062664
0.000000000000000006261338558063
0.000000000000000005837886961377
0.000000000000000005417962585692
0.000000000000000005003306092179
0.000000000000000004595627933843
0.000000000000000004196600998145
0.000000000000000003807853481893
0.000000000000000003430962030039
0.000000000000000003067445168206
0.000000000000000002718757056739
0.000000000000000002386281591960
0.000000000000000002071326878116
0.000000000000000001775120091191
0.000000000000000001498802753390
0.000000000000000001243426434712
0.000000000000000001009948895545
0.000000000000000000799230681793
0.000000000000000000612032181561
0.000000000000000000449011149966
0.000000000000000000310720706260
0.000000000000000000197607805038
0.000000000000000000110012181009
0.000000000000000000048165764562
0.000000000000000000012192563178
0.000000000000000000002109001680
0.000000000000000000017824712320
0.000000000000000000059143763858
0.000000000000000000125766317012
0.000000000000000000217290692045
0.000000000000000000333215832744
0.000000000000000000472944149661
0.000000000000000000635784724278
0.000000000000000000820956854584
0.000000000000000001027593921655
0.000000000000000001254747555916
0.000000000000000001501392081090
0.000000000000000001766429213254
0.000000000000000002048692991956
0.000000000000000002346954920010
0.000000000000000002659929288399
0.000000000000000002986278662577
0.000000000000000003324619506487
0.000000000000000003673527920714
0.000000000000000004031545471394
0.000000000000000004397185086787
0.000000000000000004768936998782
0.000000000000000005145274707067
0.000000000000000005524660944201
0.000000000000000005905553620376
0.000000000000000006286411727322
0.000000000000000006665701181444
0.000000000000000007041900587013
0.000000000000000007413506900970
0.000000000000000007779040981676
0.000000000000000008137053004741
0.000000000000000008486127729866
0.000000000000000008824889603462
0.000000000000000009152007682636
0.000000000000000009466200366964
0.000000000000000009766239925310
0.000000000000000010050956805752
0.000000000000000010319243717527
0.000000000000000010570059474685
0.000000000000000010802432591958
0.000000000000000011015464624124
0.000000000000000011208333240922
0.000000000000000011380295030318
0.000000000000000011530688023679
0.000000000000000011658933937121
0.000000000000000011764540124015
0.000000000000000011847101234342
0.000000000000000011906300577252
0.000000000000000011941911183887
0.000000000000000011953796568162
