0.000000211656436052146438100036
0.000000002727098280789043049081
0.000000000030195558389401268284
0.000000000109222234891675622248
0.000000000341187338292579406268
0.000000000048708137711041290805
0.000000000181922851543372981263
0.000000000277901791727362399563
0.000000000051221621430820889375
0.000000000111784865737256681692
0.000000000183140800504109272135
0.000000000116180628303661654453
0.000000000072020929753178928619
0.000000000082584318920526444306
0.000000000090918843025269545857
0.000000000084358958320899483633
0.000000000095088015883892570250
0.000000000086702393759771376968
0.000000000073373583848255928711
0.000000000046074418837249539585
0.000000000036374176843950542433
0.000000000034735619278313892085
0.000000000045417946105356902553
0.000000000055281246934272368706
0.000000000056574636825900556069
0.000000000058560479868451704677
0.000000000052331189005800704129
0.000000000042392658077465811399
0.000000000036761428828899243104
0.000000000030966857320111102526
0.000000000023835709440584430994
0.000000000019540721382801180696
0.000000000017662447640816343155
0.000000000015059294315843091047
0.000000000011908678298148065727
0.000000000009726702628195471857
0.000000000008815286740893258277
0.000000000008661348225300917068
0.000000000008774381300492834817
0.000000000009138247570803149696
0.000000000009866254098148205782
0.000000000010677925233165722626
0.000000000011047855344803397222
0.000000000010661444499187211472
0.000000000009474682964254801335
0.000000000007652608273404001716
0.000000000005587260295552282497
0.000000000003780189433446656216
0.000000000002575295942103734910
0.000000000001920733171777017416
0.000000000001555546849808745957
0.000000000001574914083443267106
0.000000000002198464996160674269
0.000000000002858479908497777991
0.000000000002905423896983413855
0.000000000002115110304415510338
0.000000000000866910444537910175
0.000000000000312322799447216489
0.000000000000623571529407886964
0.000000000001047824529097894416
0.000000000001102484225627385373
0.000000000001380225410077433599
0.000000000001392893564267847711
0.000000000000725656132598779329
0.000000000000105595599201317861
0.000000000001096791284225765842
0.000000000002363841988315758098
0.000000000001564276087080556864
0.000000000000176854177184221890
0.000000000000244660993094157106
0.000000000000390557438904024675
0.000000000000774757366340297888
0.000000000001870544802860104770
0.000000000000826867545071994648
0.000000000000413010541422078320
0.000000000002940472603503857282
0.000000000001777679395418952408
0.000000000000117194967670929733
0.000000000001711840728181918367
0.000000000000488107741227799425
0.000000000001041588745019030455
0.000000000000384616603391182863
0.000000000001325275486260675439
0.000000000001616240195074193879
0.000000000000472463604712838767
0.000000000000220374739163928159
0.000000000004127276574587019781
0.000000000001883123822717234696
0.000000000007973347015600370316
0.000000000018604323529737065914
0.000000000012278739618569301249
0.000000000004745312192730383529
0.000000000032034641989769264635
0.000000000058058889310036007494
0.000000000023925986747503455880
0.000000000095201158559769109463
0.000000000096696176674266042153
0.000000000242330161622650397092
0.000000000019363688038325964013
