0.000000282583121300904562258282
0.000000000019749128538896827998
0.000000000048979190050864957345
0.000000001048190885171435652259
0.000000000219215909713244138332
0.000000000144229684046387720979
0.000000000300318976215213144108
0.000000000213797045963236747891
0.000000000150870840128357297740
0.000000000050531200608644574327
0.000000000122147479701757657315
0.000000000187203506566069838407
0.000000000171963285128895699622
0.000000000144477323186626125268
0.000000000140792578233902289447
0.000000000113199686860059872613
0.000000000081666673169243815339
0.000000000060996053025587331875
0.000000000062048086700430682136
0.000000000058657992686071146554
0.000000000060089740108291113645
0.000000000051590817358853056985
0.000000000044878563163751351375
0.000000000044926579950032290913
0.000000000041884605944509219999
0.000000000039843041141527196348
0.000000000041619158722556016336
0.000000000040412087715613149579
0.000000000035094243782191278702
0.000000000030510473760476672498
0.000000000028727749636791342938
0.000000000028903248839955485841
0.000000000029257577977215040505
0.000000000028004440203509198523
0.000000000024496631799567271677
0.000000000019176000640939921700
0.000000000013621860375669836252
0.000000000010371279536951378462
0.000000000010814067966400140250
0.000000000013361845963909397978
0.000000000014402790707976315506
0.000000000011853602085931995433
0.000000000007289844453942151059
0.000000000004405716823941689571
0.000000000005277320944031967528
0.000000000008019591209532180626
0.000000000008826897347641146623
0.000000000006395957651459590481
0.000000000003227810976438042906
0.000000000002061516831635907092
0.000000000002869760449414274478
0.000000000003894814660134147839
0.000000000003676404874863186783
0.000000000002364178770979677080
0.000000000001472410217065184461
0.000000000001433833436029320456
0.000000000001364577787725403448
0.000000000001044563342644668856
0.000000000000631395722505739525
0.000000000000319777885350210719
0.000000000000117430832685081078
0.000000000000015341242548123050
0.000000000000204946235339235335
0.000000000000419202975851600487
0.000000000000667611455844542309
0.000000000001123506397507760419
0.000000000001413367938327073666
0.000000000000846002338898376155
0.000000000000431158465603679122
0.000000000000424755507132469064
0.000000000000214859846674610567
0.000000000000662808398891434763
0.000000000001355823087783138852
0.000000000000815228671970324075
0.000000000000589735137517040799
0.000000000000651916973057459615
0.000000000000271122193896996280
0.000000000001551757861205462161
0.000000000000916279247592186269
0.000000000000489360045611805917
0.000000000001148198733710892584
0.000000000000250861263602623452
0.000000000003140410984654885332
0.000000000001125038547677388711
0.000000000003703863948408951403
0.000000000007601725956014768949
0.000000000003258277750952582526
0.000000000006560898685502787045
0.000000000009240467296007868199
0.000000000019017709297784404962
0.000000000037719719597398665326
0.000000000002077543556571190722
0.000000000015802610618792584862
0.000000000020728086830813136727
0.000000000014300394793854263084
0.000000000021852159217201062511
0.000000000088421503969449239932
0.000000000207967926331152050260
0.000000000005448477930580247490
