0.000000000000000008093156441399
0.000000000000000008084620374200
0.000000000000000008059049184907
0.000000000000000008016553736696
0.000000000000000007957318223369
0.000000000000000007881599305340
0.000000000000000007789724906513
0.000000000000000007682092678440
0.000000000000000007559168139957
0.000000000000000007421482502200
0.000000000000000007269630190529
0.000000000000000007104266076486
0.000000000000000006926102434384
0.000000000000000006735905638537
0.000000000000000006534492618416
0.000000000000000006322727090229
0.000000000000000006101515584454
0.000000000000000005871803289864
0.000000000000000005634569735335
0.000000000000000005390824331487
0.000000000000000005141601794724
0.000000000000000004887957476687
0.000000000000000004630962622412
0.000000000000000004371699580661
0.000000000000000004111256989875
0.000000000000000003850724963115
0.000000000000000003591190295117
0.000000000000000003333731714179
0.000000000000000003079415201147
0.000000000000000002829289397130
0.000000000000000002584381120876
0.000000000000000002345691015888
0.000000000000000002114189346467
0.000000000000000001890811960843
0.000000000000000001676456438466
0.000000000000000001471978437368
0.000000000000000001278188256274
0.000000000000000001095847624869
0.000000000000000000925666734288
0.000000000000000000768301518535
0.000000000000000000624351196155
0.000000000000000000494356080059
0.000000000000000000378795661993
0.000000000000000000278086976719
0.000000000000000000192583249563
0.000000000000000000122572829591
0.000000000000000000068278409296
0.000000000000000000029856530350
0.000000000000000000007397373647
0.000000000000000000000924830630
0.000000000000000000010396851651
0.000000000000000000035706065989
0.000000000000000000076680667019
0.000000000000000000133085555021
0.000000000000000000204623729115
0.000000000000000000290937918938
0.000000000000000000391612445825
0.000000000000000000506175302522
0.000000000000000000634100439752
0.000000000000000000774810247367
0.000000000000000000927678217275
0.000000000000000001092031774873
0.000000000000000001267155265341
0.000000000000000001452293080808
0.000000000000000001646652914199
0.000000000000000001849409125359
0.000000000000000002059706204952
0.000000000000000002276662321594
0.000000000000000002499372937671
0.000000000000000002726914479377
0.000000000000000002958348046621
0.000000000000000003192723148623
0.000000000000000003429081451240
0.000000000000000003666460522318
0.000000000000000003903897561678
0.000000000000000004140433102656
0.000000000000000004375114672510
0.000000000000000004607000399392
0.000000000000000004835162553989
0.000000000000000005058691014415
0.000000000000000005276696643361
0.000000000000000005488314567016
0.000000000000000005692707345741
0.000000000000000005889068027006
0.000000000000000006076623071582
0.000000000000000006254635144518
0.000000000000000006422405762949
0.000000000000000006579277793296
0.000000000000000006724637790958
0.000000000000000006857918176110
0.000000000000000006978599239756
0.000000000000000007086210974696
0.000000000000000007180334726600
0.000000000000000007260604660888
0.000000000000000007326709041637
0.000000000000000007378391319251
0.000000000000000007415451024114
0.000000000000000007437744464002
0.000000000000000007445185223473
