0.000000000000000322042351072516
0.000000000000000321677351635499
0.000000000000000320584172958039
0.000000000000000318768262594551
0.000000000000000316238662072418
0.000000000000000313007950615294
0.000000000000000309092166988915
0.000000000000000304510710094737
0.000000000000000299286219104333
0.000000000000000293444434086945
0.000000000000000287014038232339
0.000000000000000280026482909732
0.000000000000000272515796929618
0.000000000000000264518381487785
0.000000000000000256072792368551
0.000000000000000247219511066533
0.000000000000000238000706552427
0.000000000000000228459989457879
0.000000000000000218642160487333
0.000000000000000208592954880753
0.000000000000000198358784750359
0.000000000000000187986481097489
0.000000000000000177523037282798
0.000000000000000167015355674918
0.000000000000000156509999140396
0.000000000000000146052948961958
0.000000000000000135689370684290
0.000000000000000125463389287546
0.000000000000000115417874980175
0.000000000000000105594240785681
0.000000000000000096032252974083
0.000000000000000086769855259475
0.000000000000000077843007551874
0.000000000000000069285539915671
0.000000000000000061129022250232
0.000000000000000053402650071584
0.000000000000000046133146639379
0.000000000000000039344681541364
0.000000000000000033058805719901
0.000000000000000027294402802548
0.000000000000000022067656482452
0.000000000000000017392033585130
0.000000000000000013278282356899
0.000000000000000009734445417440
0.000000000000000006765886735196
0.000000000000000004375331909919
0.000000000000000002562920982065
0.000000000000000001326272933828
0.000000000000000000660561001714
0.000000000000000000558597885351
0.000000000000000001010929911738
0.000000000000000002005939197979
0.000000000000000003529952848372
0.000000000000000005567358223200
0.000000000000000008100723326050
0.000000000000000011110921373553
0.000000000000000014577258635403
0.000000000000000018477604662761
0.000000000000000022788524059059
0.000000000000000027485408988001
0.000000000000000032542611658642
0.000000000000000037933576076021
0.000000000000000043630968397297
0.000000000000000049606805286990
0.000000000000000055832579720150
0.000000000000000062279383738349
0.000000000000000068918027719871
0.000000000000000075719155781657
0.000000000000000082653356986045
0.000000000000000089691272079554
0.000000000000000096803695543596
0.000000000000000103961672787542
0.000000000000000111136592362772
0.000000000000000118300273121875
0.000000000000000125425046289820
0.000000000000000132483832453427
0.000000000000000139450213511755
0.000000000000000146298499662914
0.000000000000000153003791532232
0.000000000000000159542037572640
0.000000000000000165890086890558
0.000000000000000172025737669503
0.000000000000000177927781379093
0.000000000000000183576042969293
0.000000000000000188951417258537
0.000000000000000194035901730109
0.000000000000000198812625953796
0.000000000000000203265877849618
0.000000000000000207381127007533
0.000000000000000211145045271517
0.000000000000000214545524788534
0.000000000000000217571693712916
0.000000000000000220213929744527
0.000000000000000222463871665256
0.000000000000000224314429022843
0.000000000000000225759790094049
0.000000000000000226795428241044
0.000000000000000227418106755535
0.000000000000000227625882265127
