0.000000000004652203486856463078
0.000000000004523387724388905049
0.000000000004153550553973812944
0.000000000003589720300886433429
0.000000000002901486553891179999
0.000000000002169617018972813593
0.000000000001473327928182893009
0.000000000000878576146233586741
0.000000000000429438348512074686
0.000000000000143930205304302179
0.000000000000014666172189275370
0.000000000000013784389797464439
0.000000000000100772382112826644
0.000000000000231385443008425242
0.000000000000365821750117547192
0.000000000000474679167152723706
0.000000000000541855609495208331
0.000000000000564301399075157276
0.000000000000549210976626574638
0.000000000000509706865449667966
0.000000000000460238254023568932
0.000000000000412784657874145703
0.000000000000374588183518802720
0.000000000000347651429562018665
0.000000000000329764018560980746
0.000000000000316473825390661995
0.000000000000303269894830880065
0.000000000000287306310420861897
0.000000000000268228297906883717
0.000000000000247982804554306829
0.000000000000229810056362384471
0.000000000000216835785294419786
0.000000000000210763804493853053
0.000000000000211096416829313862
0.000000000000215118785307418925
0.000000000000218635819246294130
0.000000000000217220177284749297
0.000000000000207581795602994569
0.000000000000188640670011242906
0.000000000000161978159736667714
0.000000000000131526650375390284
0.000000000000102578047896074721
0.000000000000080385488194394162
0.000000000000068746546103733392
0.000000000000068960376490748715
0.000000000000079446672703606244
0.000000000000096131708125866934
0.000000000000113497169745796137
0.000000000000126008393141766701
0.000000000000129538085425126564
0.000000000000122405825922218479
0.000000000000105760159568527156
0.000000000000083209108694652740
0.000000000000059807530733129134
0.000000000000040681282085522076
0.000000000000029662819283811189
0.000000000000028305859199041858
0.000000000000035540612553563156
0.000000000000048054997900963162
0.000000000000061288853586850599
0.000000000000070761044777624555
0.000000000000073358618198403616
0.000000000000068227437309607777
0.000000000000057012634384013204
0.000000000000043375853754336972
0.000000000000031916825408073356
0.000000000000026795183247259274
0.000000000000030438550704819498
0.000000000000042709053469112768
0.000000000000060784319159918772
0.000000000000079819767622454060
0.000000000000094245719610966735
0.000000000000099372095202174806
0.000000000000092874407956958526
0.000000000000075746129417303382
0.000000000000052424682996751908
0.000000000000030002673438029290
0.000000000000016671636631587390
0.000000000000019752317728212774
0.000000000000043788898161981314
0.000000000000089190401563566478
0.000000000000151785707472971185
0.000000000000223445350128502704
0.000000000000293664855908607212
0.000000000000351764627063371747
0.000000000000389200790508217385
0.000000000000401441775280770837
0.000000000000388958906817601214
0.000000000000357085197349582760
0.000000000000314765644273467892
0.000000000000272489202572450548
0.000000000000239891421286480849
0.000000000000223597930107575897
0.000000000000225821587776524650
0.000000000000244043321632696147
0.000000000000271842749086403402
0.000000000000300664134300958719
0.000000000000322075058549847911
0.000000000000329955660696823722
