0.000000000000191163322414364410
0.000000000000190346582876729472
0.000000000000187914476790841318
0.000000000000183920755696664431
0.000000000000178453075865034925
0.000000000000171630186150696643
0.000000000000163598151512429418
0.000000000000154525763463746876
0.000000000000144599319276766144
0.000000000000134016973790960060
0.000000000000122982880279087839
0.000000000000111701339596513353
0.000000000000100371169900619881
0.000000000000089180493180132650
0.000000000000078302110731780473
0.000000000000067889608990522060
0.000000000000058074301470458810
0.000000000000048963073898285773
0.000000000000040637159882456612
0.000000000000033151835583875917
0.000000000000026536985622806442
0.000000000000020798460428134860
0.000000000000015920118666045755
0.000000000000011866428182947487
0.000000000000008585485593102481
0.000000000000006012308385199036
0.000000000000004072254001568408
0.000000000000002684427220511571
0.000000000000001764949534587838
0.000000000000001229981044781109
0.000000000000000998405522639495
0.000000000000000994111504281644
0.000000000000001147825350319991
0.000000000000001398474981053406
0.000000000000001694084445795863
0.000000000000001992218742676752
0.000000000000002260014698293206
0.000000000000002473846782329078
0.000000000000002618686219777567
0.000000000000002687217624394173
0.000000000000002678779746237030
0.000000000000002598196094150499
0.000000000000002454557574357796
0.000000000000002260013379866509
0.000000000000002028618724283578
0.000000000000001775279206655566
0.000000000000001514822175316694
0.000000000000001261215941627790
0.000000000000001026948530197665
0.000000000000000822569215229435
0.000000000000000656388672074959
0.000000000000000534327369467310
0.000000000000000459896955419454
0.000000000000000434295882644460
0.000000000000000456598341539626
0.000000000000000524014626029423
0.000000000000000632201210713474
0.000000000000000775599896420809
0.000000000000000947787197045757
0.000000000000001141817499200697
0.000000000000001350546238230231
0.000000000000001566922223278947
0.000000000000001784241154053024
0.000000000000001996355170647051
0.000000000000002197835860080183
0.000000000000002384090431190897
0.000000000000002551432712033023
0.000000000000002697112194129419
0.000000000000002819305540600033
0.000000000000002917075802950354
0.000000000000002990305080942888
0.000000000000003039606548471236
0.000000000000003066221699268733
0.000000000000003071908386413584
0.000000000000003058824786140299
0.000000000000003029413854719812
0.000000000000002986292208746962
0.000000000000002932146680818917
0.000000000000002869641115468371
0.000000000000002801335299658630
0.000000000000002729617287748785
0.000000000000002656649796842910
0.000000000000002584330824337568
0.000000000000002514268180715611
0.000000000000002447767239353799
0.000000000000002385830880933842
0.000000000000002329170350755392
0.000000000000002278225549410993
0.000000000000002233193136751656
0.000000000000002194060741384789
0.000000000000002160645528602721
0.000000000000002132635384271899
0.000000000000002109631016673783
0.000000000000002091187358661772
0.000000000000002076852765065945
0.000000000000002066204641445724
0.000000000000002058880306519047
0.000000000000002054602078317550
0.000000000000002053195779678718
