0.000000001891030747518574448040
0.000000001327145026613228613308
0.000000000375837127311725721871
0.000000000003098169924760377603
0.000000000070147468745405585905
0.000000000081722636427696307471
0.000000000019841448688541883343
0.000000000004294014034335852105
0.000000000010941576297919705583
0.000000000013557984483925236916
0.000000000011372177688090131161
0.000000000005810866158324882663
0.000000000010813198945908129168
0.000000000017819071937976934884
0.000000000012225827224325667090
0.000000000007108316419519909967
0.000000000009538250942560780461
0.000000000009065557681030307686
0.000000000005336179114216806374
0.000000000004659944326253897671
0.000000000005261110687267550109
0.000000000004242752788156000537
0.000000000003540209042967463685
0.000000000003869923200916993083
0.000000000004003415798763521614
0.000000000004047822911063049626
0.000000000003500996750486583611
0.000000000003000690151136879675
0.000000000003952350521972999309
0.000000000003703469823868164558
0.000000000002316743273906965996
0.000000000003144093407341538663
0.000000000003299110683847679384
0.000000000001821187669346155192
0.000000000002495971891427726376
0.000000000002702180231105572604
0.000000000001299689042393591758
0.000000000001938188434592340746
0.000000000002160735538971872367
0.000000000000950194318139123364
0.000000000001468440655763289357
0.000000000001571548135375252744
0.000000000000725228227655743647
0.000000000001205962832027506823
0.000000000001028217041477381998
0.000000000000513059414622055122
0.000000000001111869244430496968
0.000000000000678119191316054047
0.000000000000315094323694672790
0.000000000001053124840966906430
0.000000000000542815475179625538
0.000000000000175987771039286958
0.000000000000884631687708508486
0.000000000000485723592814148564
0.000000000000110842416173618546
0.000000000000539644916677646623
0.000000000000330120173169357378
0.000000000000169439606996729809
0.000000000000246094567578566473
0.000000000000122007545531592143
0.000000000000370864950997693543
0.000000000000268271330166087838
0.000000000000018264598871820669
0.000000000000508380789559666246
0.000000000000431748104709956883
0.000000000000003374659453012468
0.000000000000305892023127858720
0.000000000000281448930953625050
0.000000000000033275147573988518
0.000000000000101795881923250627
0.000000000000016211423257391203
0.000000000000248285263437232527
0.000000000000386361820251349948
0.000000000000080447599053955218
0.000000000000349558564699175178
0.000000000000427480226506734821
0.000000000000033582059908270530
0.000000000000108317758232779940
0.000000000000025158451917674957
0.000000000000245669204067374900
0.000000000000621459018764890865
0.000000000000061318057673274709
0.000000000000819187226503526153
0.000000000001851215433936441352
0.000000000000570106299277366420
0.000000000000925861553112045458
0.000000000001990558269905446877
0.000000000000327628609143698201
0.000000000001175433395333943750
0.000000000002972761737267560774
0.000000000000910063156003046870
0.000000000000797697528889911452
0.000000000001169112961303652221
0.000000000000544306366853932555
0.000000000008738075483181160454
0.000000000015986921309429627392
0.000000000008610963862560739718
0.000000000001466353603870364319
0.000000000001372104105258974343
