0.000000000985731762317310968478
0.000000000779177625604972974793
0.000000000360957318521201776247
0.000000000072678773889880189527
0.000000000008490554601243173131
0.000000000028590742285153303865
0.000000000024648762302208465396
0.000000000009218404744138971274
0.000000000011361088307531440540
0.000000000018788910035878246353
0.000000000015598018380323515190
0.000000000006996611879790903975
0.000000000002291958765940844714
0.000000000002893473663689538917
0.000000000006207308696194159157
0.000000000007971516328923868403
0.000000000005496398277954552327
0.000000000003133790118050872830
0.000000000005696048297286284939
0.000000000008434771204833702511
0.000000000005831225412053554469
0.000000000002954808277699790112
0.000000000004825604540894116480
0.000000000006207051209415826173
0.000000000003349997682191292902
0.000000000001517185720228444055
0.000000000003193191349947071770
0.000000000003631183995517334352
0.000000000001575346885191485088
0.000000000000974907615320475426
0.000000000002053029274450243338
0.000000000001762385767637676040
0.000000000000708834507467027035
0.000000000001038062419584967040
0.000000000001495240877334196553
0.000000000000799376439260089726
0.000000000000575782827248257529
0.000000000001192345002432454449
0.000000000000972522367529231599
0.000000000000414413786185595329
0.000000000000833825731789951790
0.000000000001061480747983612825
0.000000000000470223565343628464
0.000000000000488004472595655458
0.000000000000943918747368752776
0.000000000000639018370290109432
0.000000000000321763367295868798
0.000000000000600934253841437745
0.000000000000615286251866343375
0.000000000000391589123483354805
0.000000000000429545570357507874
0.000000000000375137884727963981
0.000000000000338511922987796261
0.000000000000540372144987407644
0.000000000000383618362345316669
0.000000000000121415009971017153
0.000000000000433962062354508432
0.000000000000570334224046181155
0.000000000000164969779562047263
0.000000000000135073966668832883
0.000000000000372884108446439752
0.000000000000252295883468031034
0.000000000000170249140070232435
0.000000000000188207423122299697
0.000000000000061755188518083758
0.000000000000256363325584963591
0.000000000000502310563325601607
0.000000000000164021577710765296
0.000000000000059448777250188474
0.000000000000506304699502263514
0.000000000000414648543753225795
0.000000000000016592123967847580
0.000000000000156571619384932871
0.000000000000193268225551242120
0.000000000000032345915205093169
0.000000000000396490666422138760
0.000000000000550622253893385780
0.000000000000103713384753034923
0.000000000000288510420225695452
0.000000000000891899515668216844
0.000000000000595830426717075631
0.000000000000025977013444315099
0.000000000000203345395423200035
0.000000000000493943197182043689
0.000000000000280730466067869463
0.000000000000069233823694398609
0.000000000000643303593519715977
0.000000000001700806054048798320
0.000000000001601633965513369472
0.000000000000335579732256659485
0.000000000000150671921103560957
0.000000000000892656375705333417
0.000000000000769882244930970698
0.000000000001275935886245352564
0.000000000003149503547363174277
0.000000000003277907403023470577
0.000000000002331380740546667482
0.000000000004095731961621964218
0.000000000005942522469560855931
