0.000000024915617783081089448293
0.000000008930902422173986851445
0.000000000068336898668806065713
0.000000000086527322438755624525
0.000000000230077922611862912043
0.000000000081490924270448030666
0.000000000021674073467643977671
0.000000000072392882970671275911
0.000000000020409301214043440442
0.000000000080074436428989491081
0.000000000031898804222468282635
0.000000000040336643406767107252
0.000000000030692307829564986511
0.000000000024904742957073889108
0.000000000036438661417422642057
0.000000000027346632648317366894
0.000000000034139178090525348919
0.000000000022785540167795474530
0.000000000026160479002135313689
0.000000000019548535411207341675
0.000000000018510346283277179218
0.000000000016984624807983617616
0.000000000015924712071186537728
0.000000000014760953737057585359
0.000000000013572521732034832438
0.000000000014020639706691826280
0.000000000011064339779958192040
0.000000000013098984679593351574
0.000000000009064978750687995053
0.000000000011763284898297201390
0.000000000007377684350173642305
0.000000000010036748702942491947
0.000000000006563737090561550134
0.000000000007342860657333462665
0.000000000007032205362563109812
0.000000000004443430999093248845
0.000000000006864689006236286024
0.000000000003587937651603778417
0.000000000004445485937303449639
0.000000000004496887058444159536
0.000000000002203224260496873108
0.000000000003870209102678879960
0.000000000002663611472390599627
0.000000000001544217458124377539
0.000000000003429118492579705407
0.000000000000694239529555921292
0.000000000002098111113400240360
0.000000000001236211524511015202
0.000000000000788148653526709035
0.000000000000852479120502890851
0.000000000001098073304356774495
0.000000000000139341780621718796
0.000000000001326402259298663381
0.000000000000261651543080562269
0.000000000000666571833608007081
0.000000000000415826130297352229
0.000000000000246390713499267128
0.000000000000167110739194253281
0.000000000000349926998272193365
0.000000000000073375617901593444
0.000000000000397661856567248307
0.000000000000113531600972035252
0.000000000000336460130923847276
0.000000000000048836148247678156
0.000000000000338556047455250653
0.000000000000046543064546274988
0.000000000000310367111703065015
0.000000000000029469870675571680
0.000000000000272872204991688489
0.000000000000151110468276211849
0.000000000000329752497097818557
0.000000000000158314752311345160
0.000000000000106736367307841128
0.000000000000199430217534680980
0.000000000000176256468142961996
0.000000000000446551136656460862
0.000000000000150271373519158903
0.000000000000122413384393825392
0.000000000000128181979732182618
0.000000000000406063587443429196
0.000000000000555389958803909432
0.000000000000118131220065814431
0.000000000000415197753654351268
0.000000000001623672300119752571
0.000000000000272378031378936799
0.000000000003512809543769609787
0.000000000002470632427055023332
0.000000000001233305134541147022
0.000000000001945122636553898849
0.000000000000881878674537979659
0.000000000000880917837836265085
0.000000000015884646322842273999
0.000000000004068841465060738620
0.000000000008766723561928656562
0.000000000003366357499723406209
0.000000000005566001671090073623
0.000000000037618359011811096582
0.000000000032289684743130439205
0.000000000001587457509402033881
