0.000000000000000005832975091892
0.000000000000000005826839563636
0.000000000000000005808459437087
0.000000000000000005777913964300
0.000000000000000005735334823993
0.000000000000000005680905511723
0.000000000000000005614860490604
0.000000000000000005537484106991
0.000000000000000005449109276787
0.000000000000000005350115949204
0.000000000000000005240929355958
0.000000000000000005122018054955
0.000000000000000004993891778583
0.000000000000000004857099097670
0.000000000000000004712224913098
0.000000000000000004559887787879
0.000000000000000004400737133260
0.000000000000000004235450263090
0.000000000000000004064729331286
0.000000000000000003889298167703
0.000000000000000003709899028168
0.000000000000000003527289274699
0.000000000000000003342238002219
0.000000000000000003155522628149
0.000000000000000002967925461352
0.000000000000000002780230266812
0.000000000000000002593218842328
0.000000000000000002407667623244
0.000000000000000002224344330949
0.000000000000000002044004680481
0.000000000000000001867389162084
0.000000000000000001695219911068
0.000000000000000001528197679649
0.000000000000000001366998923842
0.000000000000000001212273017682
0.000000000000000001064639606316
0.000000000000000000924686108652
0.000000000000000000792965379376
0.000000000000000000669993539258
0.000000000000000000556247981734
0.000000000000000000452165562758
0.000000000000000000358140980003
0.000000000000000000274525346454
0.000000000000000000201624962471
0.000000000000000000139700289411
0.000000000000000000088965126927
0.000000000000000000049585995054
0.000000000000000000021681721304
0.000000000000000000005323232000
0.000000000000000000000533546219
0.000000000000000000007287969824
0.000000000000000000025514486223
0.000000000000000000055094339703
0.000000000000000000095862806424
0.000000000000000000147610147430
0.000000000000000000210082737377
0.000000000000000000282984362047
0.000000000000000000365977677131
0.000000000000000000458685820267
0.000000000000000000560694167799
0.000000000000000000671552227350
0.000000000000000000790775656875
0.000000000000000000917848400585
0.000000000000000001052224931830
0.000000000000000001193332592809
0.000000000000000001340574020818
0.000000000000000001493329650589
0.000000000000000001650960282224
0.000000000000000001812809704156
0.000000000000000001978207360590
0.000000000000000002146471052923
0.000000000000000002316909664708
0.000000000000000002488825899837
0.000000000000000002661519023806
0.000000000000000002834287598042
0.000000000000000003006432197541
0.000000000000000003177258102255
0.000000000000000003346077952954
0.000000000000000003512214362542
0.000000000000000003675002474143
0.000000000000000003833792457538
0.000000000000000003987951935920
0.000000000000000004136868335249
0.000000000000000004279951148838
0.000000000000000004416634110210
0.000000000000000004546377267592
0.000000000000000004668668953840
0.000000000000000004783027645937
0.000000000000000004889003708644
0.000000000000000004986181017235
0.000000000000000005074178454691
0.000000000000000005152651279093
0.000000000000000005221292357387
0.000000000000000005279833262070
0.000000000000000005328045227791
0.000000000000000005365739965210
0.000000000000000005392770329917
0.000000000000000005409030844587
0.000000000000000005414458072950
