0.000000000000016002930296860429
0.000000000000015971369637790785
0.000000000000015877008145333719
0.000000000000015720802561548262
0.000000000000015504331838004702
0.000000000000015229774016726853
0.000000000000014899874473687629
0.000000000000014517906118220111
0.000000000000014087622287732612
0.000000000000013613203206395738
0.000000000000013099196986225619
0.000000000000012550456236965324
0.000000000000011972071415684575
0.000000000000011369302087005914
0.000000000000010747507279881918
0.000000000000010112076117080098
0.000000000000009468359859776262
0.000000000000008821606453281210
0.000000000000008176898582822216
0.000000000000007539096152813653
0.000000000000006912783991906517
0.000000000000006302225462322152
0.000000000000005711322518772765
0.000000000000005143582622981791
0.000000000000004602092777788955
0.000000000000004089500803334554
0.000000000000003608003839986499
0.000000000000003159343931391763
0.000000000000002744810418897267
0.000000000000002365248767839444
0.000000000000002021075348704246
0.000000000000001712297613350165
0.000000000000001438539039374872
0.000000000000001199068164867965
0.000000000000000992831001383394
0.000000000000000818486094741123
0.000000000000000674441500616826
0.000000000000000558892953861134
0.000000000000000469862535885257
0.000000000000000405237181805442
0.000000000000000362806416725532
0.000000000000000340298766802160
0.000000000000000335416353759023
0.000000000000000345867249454793
0.000000000000000369395238152713
0.000000000000000403806706550163
0.000000000000000446994453774521
0.000000000000000496958283949597
0.000000000000000551822311262186
0.000000000000000609848970572198
0.000000000000000669449784568627
0.000000000000000729192990533863
0.000000000000000787808175396991
0.000000000000000844188106582906
0.000000000000000897387978032230
0.000000000000000946622315680492
0.000000000000000991259804799371
0.000000000000001030816313207039
0.000000000000001064946389849652
0.000000000000001093433518134264
0.000000000000001116179398216476
0.000000000000001133192522824831
0.000000000000001144576297778036
0.000000000000001150516941771391
0.000000000000001151271380920940
0.000000000000001147155332583491
0.000000000000001138531750712406
0.000000000000001125799782015376
0.000000000000001109384358955404
0.000000000000001089726532629354
0.000000000000001067274626161281
0.000000000000001042476267793438
0.000000000000001015771342619437
0.000000000000000987585883098447
0.000000000000000958326901277700
0.000000000000000928378150144386
0.000000000000000898096787791583
0.000000000000000867810906139728
0.000000000000000837817875792550
0.000000000000000808383450181320
0.000000000000000779741565395071
0.000000000000000752094766919117
0.000000000000000725615190805933
0.000000000000000700446024467712
0.000000000000000676703371188111
0.000000000000000654478442479073
0.000000000000000633840003434353
0.000000000000000614836998135159
0.000000000000000597501284830697
0.000000000000000581850413940119
0.000000000000000567890385803045
0.000000000000000555618329453224
0.000000000000000545025048423153
0.000000000000000536097384635136
0.000000000000000528820356734404
0.000000000000000523179034719512
0.000000000000000519160118379357
0.000000000000000516753192817846
0.000000000000000515951640205568
