0.000000000895202751605942433417
0.000000000746421676316445960613
0.000000000416047184562821808931
0.000000000130568700839097642484
0.000000000012119209988519274738
0.000000000014140100076864168987
0.000000000034333032654700845089
0.000000000028707218306931353844
0.000000000011994611870710722175
0.000000000002353410669045522742
0.000000000000458852228847443495
0.000000000002624747085509898396
0.000000000006744411809954353454
0.000000000008589282558098160183
0.000000000005798676028466309458
0.000000000002870251669240251296
0.000000000004451009604121413069
0.000000000007617721974651239476
0.000000000007089814293865916270
0.000000000003973494040607456415
0.000000000003083415856902987637
0.000000000004688880946747535376
0.000000000004992818852195691025
0.000000000003073870662835075686
0.000000000001828116226305208542
0.000000000002517408241048818960
0.000000000003086019640961981493
0.000000000002233210199381705158
0.000000000001319062368182799053
0.000000000001441941952245577388
0.000000000001711988083598414794
0.000000000001348934884055716039
0.000000000000993950963371048621
0.000000000001097884222459726298
0.000000000001088768655111137941
0.000000000000761131170566524246
0.000000000000683165580291979327
0.000000000000886959162559806421
0.000000000000789649024871138362
0.000000000000462152497141138124
0.000000000000473161401977380884
0.000000000000686669221849569140
0.000000000000575414886729592193
0.000000000000305029336959463153
0.000000000000329959413926011114
0.000000000000482826640834771825
0.000000000000404701728549043226
0.000000000000235628028453321737
0.000000000000221347895781019721
0.000000000000274373679843340570
0.000000000000273992982700378891
0.000000000000241513293298025142
0.000000000000172338197391558914
0.000000000000112039281056926177
0.000000000000178676123109868533
0.000000000000273868329000782489
0.000000000000189384734500196899
0.000000000000043699769984647684
0.000000000000089643216797162763
0.000000000000219073558111072951
0.000000000000185731824559604453
0.000000000000060061102037873164
0.000000000000028606652593827587
0.000000000000074091834221234388
0.000000000000119430217754839374
0.000000000000142094849033065573
0.000000000000091625109818070090
0.000000000000006191733525202642
0.000000000000051926144338892429
0.000000000000202449592686348931
0.000000000000212503849090283463
0.000000000000064776227342044062
0.000000000000004206230990828024
0.000000000000074927351991907157
0.000000000000096020484359286982
0.000000000000055947938490913300
0.000000000000084099959903727299
0.000000000000135116635112774889
0.000000000000081718757989071021
0.000000000000010413756788506419
0.000000000000127074644725785637
0.000000000000400118818666376847
0.000000000000510564753972725645
0.000000000000294645067924553965
0.000000000000089688081154586943
0.000000000000254380453549131792
0.000000000000478962274084536246
0.000000000000287498222351285760
0.000000000000051432112676209725
0.000000000000406046519149500752
0.000000000000905365412842224457
0.000000000000699934593782790414
0.000000000000184395964453557682
0.000000000000337008201515897851
0.000000000001099959690670961044
0.000000000002162620782423706054
0.000000000004131080502848852529
0.000000000006874676717476598128
0.000000000008277103331851283611
