0.000000371294971485784053804826
0.000000001121943384995429039814
0.000000001157959691394238425588
0.000000000638306011857192581576
0.000000000452583680563607427537
0.000000000309778886012497696063
0.000000000106060866279073486551
0.000000000107101335327327219184
0.000000000203532186381818068572
0.000000000190022677449295474377
0.000000000286453542979314448976
0.000000000201439082910715751673
0.000000000144363465820038692875
0.000000000154519535364672573225
0.000000000136888473078376470480
0.000000000092260067172558153819
0.000000000094187643573861412511
0.000000000102014272202965257637
0.000000000105886949560885167578
0.000000000086238320715407978114
0.000000000075350979884768054300
0.000000000081038755426307494768
0.000000000083622453890326732635
0.000000000084330522528558471077
0.000000000081494923068577589202
0.000000000065884217490840917781
0.000000000044382754550451422394
0.000000000030125383518700153918
0.000000000027451502524307588587
0.000000000033644943074869781230
0.000000000039525192103552945840
0.000000000036209894934406387860
0.000000000027070715219052563376
0.000000000023016264645741395289
0.000000000026160093043967856876
0.000000000026607084980648552053
0.000000000018875193759532009140
0.000000000012057193889634887795
0.000000000014529409275250347716
0.000000000018160527326888503458
0.000000000012770801659686739570
0.000000000005370328340362755019
0.000000000006916004889472468725
0.000000000011717592708067477064
0.000000000009241524487128219626
0.000000000004045776520376695066
0.000000000005107947151006660055
0.000000000008536434937557486862
0.000000000006752131692297422171
0.000000000002377041888089955892
0.000000000001259102843297170296
0.000000000002274211440726986547
0.000000000001730479347111336406
0.000000000000302203286035426737
0.000000000000205596698663193372
0.000000000000551801519861571204
0.000000000000233814789835766428
0.000000000000070102318853280939
0.000000000000283472941840626914
0.000000000000290439683379163139
0.000000000000054319137057550173
0.000000000000115299509046760650
0.000000000000156782700629009396
0.000000000000002703157838716893
0.000000000000116210564023343786
0.000000000000134482005717160830
0.000000000000147869924079899082
0.000000000000981398868145528268
0.000000000001002609476924826471
0.000000000000850421702099150031
0.000000000002143847326222297557
0.000000000001818435720746104985
0.000000000000692415118553839855
0.000000000001580135694550994478
0.000000000000255469715017754977
0.000000000000624029466682066052
0.000000000000725853442356993165
0.000000000001044598861422445954
0.000000000002861012669903404682
0.000000000000307946865557644227
0.000000000001691902679058038851
0.000000000000001224701947864842
0.000000000003782137149684428828
0.000000000000810435792350445162
0.000000000006059829181546633279
0.000000000007474308373493144462
0.000000000003334849038592397741
0.000000000004205976589565438754
0.000000000009890777230815349107
0.000000000024915723841383648696
0.000000000030308508841117864042
0.000000000003813921659070426907
0.000000000048504618430275803252
0.000000000022444434598420886106
0.000000000049904451556718648064
0.000000000006739525681790820814
0.000000000071826938485438337575
0.000000000153852816429584891190
0.000000000064664558400339009107
