0.000000000000000970529571623050
0.000000000000000969357597847246
0.000000000000000965848204945201
0.000000000000000960020929442895
0.000000000000000951908170196637
0.000000000000000941554947036744
0.000000000000000929018566195433
0.000000000000000914368195795582
0.000000000000000897684355542553
0.000000000000000879058325575269
0.000000000000000858591480185501
0.000000000000000836394552796749
0.000000000000000812586839198698
0.000000000000000787295346553010
0.000000000000000760653896116009
0.000000000000000732802187959479
0.000000000000000703884836209585
0.000000000000000674050383464591
0.000000000000000643450303094615
0.000000000000000612237998072460
0.000000000000000580567804836512
0.000000000000000548594010448437
0.000000000000000516469890985343
0.000000000000000484346778704071
0.000000000000000452373165041539
0.000000000000000420693845977313
0.000000000000000389449115691360
0.000000000000000358774013810134
0.000000000000000328797630857151
0.000000000000000299642475819453
0.000000000000000271423909018417
0.000000000000000244249642741715
0.000000000000000218219311362001
0.000000000000000193424111946035
0.000000000000000169946515653727
0.000000000000000147860049547837
0.000000000000000127229147788858
0.000000000000000108109070582324
0.000000000000000090545888682936
0.000000000000000074576530746186
0.000000000000000060228890357435
0.000000000000000047521989163459
0.000000000000000036466192184557
0.000000000000000027063471097315
0.000000000000000019307711049620
0.000000000000000013185056399836
0.000000000000000008674290660071
0.000000000000000005747245867250
0.000000000000000004369236602719
0.000000000000000004499513928271
0.000000000000000006091734600310
0.000000000000000009094441060353
0.000000000000000013451547875099
0.000000000000000019102830508313
0.000000000000000025984412545236
0.000000000000000034029247753541
0.000000000000000043167593648188
0.000000000000000053327473526466
0.000000000000000064435124249483
0.000000000000000076415427363102
0.000000000000000089192321470780
0.000000000000000102689194089160
0.000000000000000116829251531089
0.000000000000000131535865666814
0.000000000000000146732896709668
0.000000000000000162344991455050
0.000000000000000178297856668919
0.000000000000000194518507572529
0.000000000000000210935491602383
0.000000000000000227479087837304
0.000000000000000244081482677420
0.000000000000000260676922532233
0.000000000000000277201844426764
0.000000000000000293594985566084
0.000000000000000309797473009713
0.000000000000000325752894699009
0.000000000000000341407353153469
0.000000000000000356709503206745
0.000000000000000371610575191098
0.000000000000000386064385001174
0.000000000000000400027332475428
0.000000000000000413458389527585
0.000000000000000426319079442350
0.000000000000000438573448720426
0.000000000000000450188032819016
0.000000000000000461131817086452
0.000000000000000471376194134632
0.000000000000000480894918831551
0.000000000000000489664062029352
0.000000000000000497661964071969
0.000000000000000504869189051317
0.000000000000000511268480702872
0.000000000000000516844720751023
0.000000000000000521584890432250
0.000000000000000525478035840528
0.000000000000000528515237654668
0.000000000000000530689585721956
0.000000000000000531996158886600
0.000000000000000532432010365383
