0.000000000000004186109115986516
0.000000000000004179997462531079
0.000000000000004161707128226348
0.000000000000004131371523480283
0.000000000000004089211446116926
0.000000000000004035532774384239
0.000000000000003970723281359326
0.000000000000003895248614045853
0.000000000000003809647491563890
0.000000000000003714526187025140
0.000000000000003610552366801813
0.000000000000003498448368792731
0.000000000000003378984007846788
0.000000000000003252969001629262
0.000000000000003121245113846821
0.000000000000002984678113845999
0.000000000000002844149652161267
0.000000000000002700549150633907
0.000000000000002554765803301050
0.000000000000002407680780440332
0.000000000000002260159723048422
0.000000000000002113045608750653
0.000000000000001967152062822154
0.000000000000001823257179800654
0.000000000000001682097912251408
0.000000000000001544365073776939
0.000000000000001410698993523928
0.000000000000001281685849402480
0.000000000000001157854697171680
0.000000000000001039675202626255
0.000000000000000927556074498767
0.000000000000000821844186515157
0.000000000000000722824368438602
0.000000000000000630719838021768
0.000000000000000545693238656865
0.000000000000000467848241244091
0.000000000000000397231663450371
0.000000000000000333836055140731
0.000000000000000277602695354202
0.000000000000000228424943766102
0.000000000000000186151888113354
0.000000000000000150592228526912
0.000000000000000121518340069400
0.000000000000000098670455957402
0.000000000000000081760915886832
0.000000000000000070478426497968
0.000000000000000064492284228701
0.000000000000000063456514520741
0.000000000000000067013885471267
0.000000000000000074799758468908
0.000000000000000086445743025769
0.000000000000000101583127827287
0.000000000000000119846064883788
0.000000000000000140874488502066
0.000000000000000164316755528828
0.000000000000000189831997884578
0.000000000000000217092182748479
0.000000000000000245783879822266
0.000000000000000275609738853439
0.000000000000000306289684002238
0.000000000000000337561834669410
0.000000000000000369183165046691
0.000000000000000400929916901265
0.000000000000000432597781958482
0.000000000000000464001871709560
0.000000000000000494976493554713
0.000000000000000525374752914046
0.000000000000000555068001319982
0.000000000000000583945150570994
0.000000000000000611911872804917
0.000000000000000638889705871180
0.000000000000000664815082676386
0.000000000000000689638302279120
0.000000000000000713322459450073
0.000000000000000735842348224622
0.000000000000000757183353688029
0.000000000000000777340344878352
0.000000000000000796316580297130
0.000000000000000814122636109239
0.000000000000000830775365715016
0.000000000000000846296898011558
0.000000000000000860713680345283
0.000000000000000874055570910985
0.000000000000000886354984188024
0.000000000000000897646091933405
0.000000000000000907964081283588
0.000000000000000917344470658585
0.000000000000000925822483417695
0.000000000000000933432478588455
0.000000000000000940207437479304
0.000000000000000946178504590379
0.000000000000000951374580952708
0.000000000000000955821967848788
0.000000000000000959544058791001
0.000000000000000962561077651068
0.000000000000000964889860935227
0.000000000000000966543682376412
0.000000000000000967532118256501
0.000000000000000967860952167201
