0.000000000000000007084842640930
0.000000000000000007077378574932
0.000000000000000007055018666730
0.000000000000000007017859634957
0.000000000000000006966062175628
0.000000000000000006899850212383
0.000000000000000006819509852385
0.000000000000000006725388053397
0.000000000000000006617891009078
0.000000000000000006497482261011
0.000000000000000006364680547378
0.000000000000000006220057399587
0.000000000000000006064234499396
0.000000000000000005897880810319
0.000000000000000005721709498207
0.000000000000000005536474656913
0.000000000000000005342967855899
0.000000000000000005142014527451
0.000000000000000004934470211893
0.000000000000000004721216679801
0.000000000000000004503157950708
0.000000000000000004281216228165
0.000000000000000004056327771298
0.000000000000000003829438723135
0.000000000000000003601500916009
0.000000000000000003373467674278
0.000000000000000003146289634368
0.000000000000000002920910601900
0.000000000000000002698263465179
0.000000000000000002479266183902
0.000000000000000002264817871244
0.000000000000000002055794986867
0.000000000000000001853047657566
0.000000000000000001657396141428
0.000000000000000001469627450463
0.000000000000000001290492145643
0.000000000000000001120701317286
0.000000000000000000960923762568
0.000000000000000000811783370875
0.000000000000000000673856726467
0.000000000000000000547670936803
0.000000000000000000433701693596
0.000000000000000000332371572503
0.000000000000000000244048576080
0.000000000000000000169044923455
0.000000000000000000107616088921
0.000000000000000000059960090505
0.000000000000000000026217028351
0.000000000000000000006468871673
0.000000000000000000000739491874
0.000000000000000000008994938431
0.000000000000000000031143953061
0.000000000000000000067038716780
0.000000000000000000116475823510
0.000000000000000000179197473041
0.000000000000000000254892875372
0.000000000000000000343199857689
0.000000000000000000443706664581
0.000000000000000000555953941458
0.000000000000000000679436890618
0.000000000000000000813607588882
0.000000000000000000957877455314
0.000000000000000001111619857192
0.000000000000000001274172842065
0.000000000000000001444841983529
0.000000000000000001622903328147
0.000000000000000001807606430825
0.000000000000000001998177465915
0.000000000000000002193822401238
0.000000000000000002393730222341
0.000000000000000002597076194300
0.000000000000000002803025148581
0.000000000000000003010734782587
0.000000000000000003219358959758
0.000000000000000003428050998322
0.000000000000000003635966937079
0.000000000000000003842268766894
0.000000000000000004046127616923
0.000000000000000004246726884940
0.000000000000000004443265301520
0.000000000000000004634959918221
0.000000000000000004821049010329
0.000000000000000005000794885156
0.000000000000000005173486587297
0.000000000000000005338442492747
0.000000000000000005495012784169
0.000000000000000005642581800130
0.000000000000000005780570251527
0.000000000000000005908437298947
0.000000000000000006025682485128
0.000000000000000006131847517188
0.000000000000000006226517893754
0.000000000000000006309324372578
0.000000000000000006379944274717
0.000000000000000006438102621812
0.000000000000000006483573103457
0.000000000000000006516178872138
0.000000000000000006535793163661
0.000000000000000006542339741464
