0.000000000000000185197030615208
0.000000000000000184991180527412
0.000000000000000184374619691445
0.000000000000000183350310621086
0.000000000000000181923171653662
0.000000000000000180100048320362
0.000000000000000177889673560739
0.000000000000000175302617074148
0.000000000000000172351224179678
0.000000000000000169049544631577
0.000000000000000165413251908326
0.000000000000000161459553559909
0.000000000000000157207093258794
0.000000000000000152675845255143
0.000000000000000147887001985434
0.000000000000000142862855625512
0.000000000000000137626674413889
0.000000000000000132202574598561
0.000000000000000126615388880659
0.000000000000000120890532240711
0.000000000000000115053866038301
0.000000000000000109131561273474
0.000000000000000103149961888553
0.000000000000000097135448972344
0.000000000000000091114306705319
0.000000000000000085112590854657
0.000000000000000079156000592375
0.000000000000000073269754368772
0.000000000000000067478470527444
0.000000000000000061806053297828
0.000000000000000056275584747233
0.000000000000000050909223217068
0.000000000000000045728108708306
0.000000000000000040752275619586
0.000000000000000036000573178473
0.000000000000000031490593842867
0.000000000000000027238609885944
0.000000000000000023259518314976
0.000000000000000019566794212382
0.000000000000000016172452527001
0.000000000000000013087018285301
0.000000000000000010319505136472
0.000000000000000007877402092557
0.000000000000000005766668275200
0.000000000000000003991735434670
0.000000000000000002555517964689
0.000000000000000001459430098496
0.000000000000000000703409937734
0.000000000000000000285949936115
0.000000000000000000204133434593
0.000000000000000000453676823909
0.000000000000000001028976893768
0.000000000000000001923162915654
0.000000000000000003128152998032
0.000000000000000004634714248562
0.000000000000000006432526277478
0.000000000000000008510247579523
0.000000000000000010855584338360
0.000000000000000013455361207030
0.000000000000000016295593630536
0.000000000000000019361561291681
0.000000000000000022637882278600
0.000000000000000026108587591751
0.000000000000000029757195629079
0.000000000000000033566786310457
0.000000000000000037520074525978
0.000000000000000041599482616930
0.000000000000000045787211623147
0.000000000000000050065311055519
0.000000000000000054415746977607
0.000000000000000058820468205279
0.000000000000000063261470457800
0.000000000000000067720858317815
0.000000000000000072180904880754
0.000000000000000076624108996481
0.000000000000000081033250027076
0.000000000000000085391440064613
0.000000000000000089682173571373
0.000000000000000093889374422143
0.000000000000000097997440344031
0.000000000000000101991284763393
0.000000000000000105856376082203
0.000000000000000109578774417249
0.000000000000000113145165845114
0.000000000000000116542894203824
0.000000000000000119759990508507
0.000000000000000122785200043299
0.000000000000000125608007195219
0.000000000000000128218658097748
0.000000000000000130608181152609
0.000000000000000132768405497644
0.000000000000000134691977486963
0.000000000000000136372375246673
0.000000000000000137803921365642
0.000000000000000138981793775956
0.000000000000000139902034872130
0.000000000000000140561558911812
0.000000000000000140958157733787
0.000000000000000141090504821665
