0.000000000000000047520458959773
0.000000000000000047469241752582
0.000000000000000047315822018337
0.000000000000000047060894220510
0.000000000000000046705611810646
0.000000000000000046251581273153
0.000000000000000045700853840098
0.000000000000000045055914927600
0.000000000000000044319671359457
0.000000000000000043495436457194
0.000000000000000042586913088584
0.000000000000000041598174778948
0.000000000000000040533645000892
0.000000000000000039398074768651
0.000000000000000038196518672757
0.000000000000000036934309499240
0.000000000000000035617031585036
0.000000000000000034250493067508
0.000000000000000032840697191192
0.000000000000000031393812838778
0.000000000000000029916144456096
0.000000000000000028414101542417
0.000000000000000026894167877730
0.000000000000000025362870657821
0.000000000000000023826749705990
0.000000000000000022292326927177
0.000000000000000020766076166076
0.000000000000000019254393625688
0.000000000000000017763568996617
0.000000000000000016299757440445
0.000000000000000014868952562711
0.000000000000000013476960502506
0.000000000000000012129375256535
0.000000000000000010831555345767
0.000000000000000009588601922655
0.000000000000000008405338406301
0.000000000000000007286291722156
0.000000000000000006235675211787
0.000000000000000005257373267127
0.000000000000000004354927732469
0.000000000000000003531526106392
0.000000000000000002789991564865
0.000000000000000002132774816081
0.000000000000000001561947787140
0.000000000000000001079199132669
0.000000000000000000685831545813
0.000000000000000000382760842889
0.000000000000000000170516784361
0.000000000000000000049245586710
0.000000000000000000018714072321
0.000000000000000000078315397656
0.000000000000000000227076293785
0.000000000000000000463665747827
0.000000000000000000786405048982
0.000000000000000001193279118660
0.000000000000000001681949040704
0.000000000000000002249765704838
0.000000000000000002893784474303
0.000000000000000003610780787035
0.000000000000000004397266598820
0.000000000000000005249507576432
0.000000000000000006163540948974
0.000000000000000007135193926297
0.000000000000000008160102594541
0.000000000000000009233731200456
0.000000000000000010351391738176
0.000000000000000011508263754474
0.000000000000000012699414291230
0.000000000000000013919817886833
0.000000000000000015164376561416
0.000000000000000016427939714260
0.000000000000000017705323865258
0.000000000000000018991332176011
0.000000000000000020280773689910
0.000000000000000021568482234340
0.000000000000000022849334931988
0.000000000000000024118270272045
0.000000000000000025370305695808
0.000000000000000026600554654927
0.000000000000000027804243104051
0.000000000000000028976725393159
0.000000000000000030113499528118
0.000000000000000031210221771222
0.000000000000000032262720556428
0.000000000000000033267009696856
0.000000000000000034219300864722
0.000000000000000035116015326331
0.000000000000000035953794917014
0.000000000000000036729512242909
0.000000000000000037440280098416
0.000000000000000038083460089749
0.000000000000000038656670456591
0.000000000000000039157793085126
0.000000000000000039584979706907
0.000000000000000039936657279056
0.000000000000000040211532542154
0.000000000000000040408595752952
0.000000000000000040527123589716
0.000000000000000040566681228567
