0.000000057051406385177813112495
0.000000008028293283430440759663
0.000000001691062905214621900793
0.000000000000845071654187787539
0.000000000074326303716917845819
0.000000000141802313163627209321
0.000000000145357820347927867022
0.000000000037259330870682212350
0.000000000099332516321583729942
0.000000000054764417892328947741
0.000000000098911704316864134186
0.000000000022343551114369844888
0.000000000074544252294698028414
0.000000000046629029616735434397
0.000000000049815692309983992718
0.000000000067146849867139748863
0.000000000026302657289891059443
0.000000000040388225065003573431
0.000000000039517293377341672647
0.000000000022668917661333658541
0.000000000041371138282770968024
0.000000000034397042588336259904
0.000000000021737728179843228381
0.000000000032525947721141754022
0.000000000027482430510158151873
0.000000000016361758006234969998
0.000000000018993548474246336187
0.000000000022516645347074928531
0.000000000013159764601814074422
0.000000000012121239137747214785
0.000000000014850178683952743470
0.000000000013755009704826630581
0.000000000010282995649265842895
0.000000000008565476646302223625
0.000000000009562312971586886766
0.000000000009678982793433547899
0.000000000008987712308584821684
0.000000000005347185650080198827
0.000000000004873617615119507953
0.000000000007273154686146323212
0.000000000006190577037965839978
0.000000000004000447866089141082
0.000000000002739278402007629044
0.000000000002489030249178994657
0.000000000004075890229348896054
0.000000000004464101293567380565
0.000000000001656640043334969925
0.000000000000659264383077312317
0.000000000002451702494523303780
0.000000000002223023411186822408
0.000000000000986336753766333222
0.000000000001088119573066435197
0.000000000000398156398046965014
0.000000000000566193844933221818
0.000000000001837915405242851747
0.000000000000733232209392539985
0.000000000000109193990928635409
0.000000000000691122962765795165
0.000000000000082378644527461762
0.000000000000604441686872729981
0.000000000000817381186392285784
0.000000000000010561694947528791
0.000000000000532013044793181898
0.000000000000163430680063754421
0.000000000000279869669873807973
0.000000000000730050353715428643
0.000000000000066895790373940956
0.000000000000424520047708762433
0.000000000000113394968508620794
0.000000000000455305573494133221
0.000000000000544048534572422477
0.000000000000151950086593617827
0.000000000000342209404112188889
0.000000000000148935845980208273
0.000000000000781784455707474001
0.000000000000254914340036081485
0.000000000000250561661251294726
0.000000000000213340244894672910
0.000000000000888314587349082453
0.000000000000269314000831637187
0.000000000000246668674788145576
0.000000000000553870907732407077
0.000000000001324251707289004394
0.000000000000391787874618158884
0.000000000000038878250318975592
0.000000000006631116162561830870
0.000000000002102019174521095436
0.000000000000617986910023196992
0.000000000004804173754133948465
0.000000000000951340647760595733
0.000000000013782931700631410923
0.000000000009660251501382482363
0.000000000003567313108759038372
0.000000000001103782986124306226
0.000000000037580946166760817768
0.000000000021665310055485826209
0.000000000004152833506311118864
0.000000000074005307945719481551
0.000000000012033795205222173298
