0.000000019484963393586670540138
0.000000006986266526596603170472
0.000000000007782048529790506963
0.000000000321441694577055088560
0.000000000053027894515378812209
0.000000000006006146053844187350
0.000000000103610466828551291808
0.000000000030955368116060009379
0.000000000029292654876237731979
0.000000000052604639982039447858
0.000000000021201369394696260708
0.000000000035681978577798509306
0.000000000022959588806118841621
0.000000000025265421124189197643
0.000000000038208253962149536696
0.000000000022613548154646882224
0.000000000036796119564660725287
0.000000000013835060257844781366
0.000000000024902255675127027239
0.000000000006131061341272180170
0.000000000022294123671709179493
0.000000000007692770435036967940
0.000000000024789024451528018949
0.000000000010712156897914692716
0.000000000024619366404791586556
0.000000000012665604905318282698
0.000000000016290985845594977142
0.000000000013636481524154496754
0.000000000007431263841811926306
0.000000000011539274229846893859
0.000000000003962451572923927765
0.000000000006904158709512511607
0.000000000004412629574790617592
0.000000000003062211000143557747
0.000000000006244150263616969643
0.000000000001188879782237218406
0.000000000007020624272133929514
0.000000000001681953372090698800
0.000000000004943387393035294456
0.000000000004496476507539627530
0.000000000001854368864753971903
0.000000000006317928329490378392
0.000000000001795797506125330448
0.000000000004234949383007242713
0.000000000004489100817488788061
0.000000000001132765654402297974
0.000000000005189028829435826598
0.000000000000971738299008197001
0.000000000002652292403566238530
0.000000000002168272901143960966
0.000000000000936093702387134618
0.000000000001566510246145434371
0.000000000001791813878456669469
0.000000000000267737443978227751
0.000000000002156096283498199907
0.000000000000166352494311647905
0.000000000000786864351834539508
0.000000000000428668983407578497
0.000000000000459498449211090248
0.000000000000259687085634267685
0.000000000001214646293060169094
0.000000000000048984907134607826
0.000000000000610998433446086498
0.000000000000145483955991007992
0.000000000000127019925656690131
0.000000000000513969396826021391
0.000000000001028559009134073090
0.000000000000194188277338556310
0.000000000000619662828487068752
0.000000000000271621040065541212
0.000000000000018894555706368587
0.000000000001537554360312107018
0.000000000000303834614572791846
0.000000000000593391746354757676
0.000000000000415295171018214710
0.000000000000656978948864973594
0.000000000001071778686904743133
0.000000000001209006325853780865
0.000000000000216983379500401714
0.000000000000639579871413373051
0.000000000002720353675091458303
0.000000000000692942940842737378
0.000000000001901723501019921066
0.000000000000724411115055515105
0.000000000003538086665191458320
0.000000000000644107905639163945
0.000000000002281348844883760593
0.000000000000188450561133088245
0.000000000009472258338876715427
0.000000000000632410176728244275
0.000000000002643878691759773247
0.000000000007756240677200083601
0.000000000004681100914258778679
0.000000000024999578789595483253
0.000000000006836775155579903839
0.000000000003613597058489964697
0.000000000080690770660704271548
0.000000000030148354343673330651
0.000000000030875171467050289888
