0.000000000000000043527874779274
0.000000000000000043481028384349
0.000000000000000043340700693403
0.000000000000000043107525101467
0.000000000000000042782553652111
0.000000000000000042367251638717
0.000000000000000041863490093050
0.000000000000000041273536207470
0.000000000000000040600041749777
0.000000000000000039846029541809
0.000000000000000039014878084576
0.000000000000000038110304423640
0.000000000000000037136345358771
0.000000000000000036097337111343
0.000000000000000034997893571558
0.000000000000000033842883255308
0.000000000000000032637405107178
0.000000000000000031386763291874
0.000000000000000030096441120992
0.000000000000000028772074265732
0.000000000000000027419423408671
0.000000000000000026044346489231
0.000000000000000024652770697859
0.000000000000000023250664373323
0.000000000000000021844008955840
0.000000000000000020438771146102
0.000000000000000019040875416621
0.000000000000000017656177017315
0.000000000000000016290435611834
0.000000000000000014949289674980
0.000000000000000013638231774646
0.000000000000000012362584854142
0.000000000000000011127479622636
0.000000000000000009937833152759
0.000000000000000008798328775378
0.000000000000000007713397352073
0.000000000000000006687199996177
0.000000000000000005723612303363
0.000000000000000004826210142750
0.000000000000000003998257049492
0.000000000000000003242693249843
0.000000000000000002562126339829
0.000000000000000001958823628978
0.000000000000000001434706151160
0.000000000000000000991344335448
0.000000000000000000629955321192
0.000000000000000000351401893126
0.000000000000000000156193004499
0.000000000000000000044485848779
0.000000000000000000016089433680
0.000000000000000000070469604909
0.000000000000000000206755461337
0.000000000000000000423747098147
0.000000000000000000719924609953
0.000000000000000001093458281979
0.000000000000000001542219894004
0.000000000000000002063795059075
0.000000000000000002655496516793
0.000000000000000003314378299395
0.000000000000000004037250687808
0.000000000000000004820695874319
0.000000000000000005661084248474
0.000000000000000006554591223293
0.000000000000000007497214519720
0.000000000000000008484791828575
0.000000000000000009513018770880
0.000000000000000010577467079462
0.000000000000000011673602927021
0.000000000000000012796805328397
0.000000000000000013942384547558
0.000000000000000015105600442819
0.000000000000000016281680686889
0.000000000000000017465838801625
0.000000000000000018653291950675
0.000000000000000019839278436591
0.000000000000000021019074852378
0.000000000000000022188012840875
0.000000000000000023341495418700
0.000000000000000024475012824830
0.000000000000000025584157857103
0.000000000000000026664640663086
0.000000000000000027712302954756
0.000000000000000028723131619349
0.000000000000000029693271701482
0.000000000000000030619038734256
0.000000000000000031496930399486
0.000000000000000032323637499489
0.000000000000000033096054224972
0.000000000000000033811287705511
0.000000000000000034466666830894
0.000000000000000035059750333208
0.000000000000000035588334121040
0.000000000000000036050457858449
0.000000000000000036444410782563
0.000000000000000036768736754684
0.000000000000000037022238540736
0.000000000000000037203981317685
0.000000000000000037313295403334
0.000000000000000037349778207514
