0.000000001491764994008097375971
0.000000001188172643821067799132
0.000000000572674690151888718010
0.000000000137620244736718018639
0.000000000011016225671590556325
0.000000000006693035322844760771
0.000000000000807618317005556246
0.000000000007051025300704491925
0.000000000025457275704593902113
0.000000000024190459003486404045
0.000000000009469292164096794998
0.000000000006344938548206161294
0.000000000011876708552106228183
0.000000000011339863097398426380
0.000000000005321641921935675727
0.000000000002403342392116152798
0.000000000004663665994424144897
0.000000000006798434113497329901
0.000000000004891043463455671193
0.000000000002707923252264599883
0.000000000004286553578972701085
0.000000000005968980090784543096
0.000000000004463224075597532141
0.000000000003315209850683791884
0.000000000004273150920925833319
0.000000000004187543145178991812
0.000000000002976222706613996387
0.000000000003033114917945147609
0.000000000003326599432199360861
0.000000000002573602953149907757
0.000000000002174612966376530902
0.000000000002292354585220731937
0.000000000001896269433360711106
0.000000000001661601459060193398
0.000000000001828434237325486840
0.000000000001402856622452834035
0.000000000000980858867984425841
0.000000000001344896650090111735
0.000000000001333507232283978650
0.000000000000693109718644810133
0.000000000000702933418314699201
0.000000000001053272749907071818
0.000000000000739663082147770524
0.000000000000409449013348002373
0.000000000000593726873337075405
0.000000000000630679080512479697
0.000000000000418319261175144392
0.000000000000372187002390779351
0.000000000000369556201917090499
0.000000000000335792559894792733
0.000000000000379282385729752296
0.000000000000293153094177831592
0.000000000000142059664566747373
0.000000000000269646495028880915
0.000000000000389212104030826200
0.000000000000161479997538994253
0.000000000000057549908567338371
0.000000000000315737442969298682
0.000000000000353254208212076138
0.000000000000071187227043008632
0.000000000000066854753201286086
0.000000000000289667497159432835
0.000000000000224011686202425175
0.000000000000033599734554002815
0.000000000000057968535028533500
0.000000000000113968890777843008
0.000000000000108814056065629864
0.000000000000127933247606625018
0.000000000000050498577871664671
0.000000000000019912107383909351
0.000000000000251619668988699518
0.000000000000321168989114482128
0.000000000000070853781569578289
0.000000000000079560123816864345
0.000000000000280146012906100639
0.000000000000158864980504240046
0.000000000000042073193375590855
0.000000000000131617294071806051
0.000000000000036771831831958140
0.000000000000174031452330188708
0.000000000000805467098694550708
0.000000000000782418923112552261
0.000000000000090972996083739308
0.000000000000320964204356272105
0.000000000001029588385115641723
0.000000000000690317747764460732
0.000000000000451872239307162599
0.000000000001338086274902935199
0.000000000001437041729384331987
0.000000000000378596644258975635
0.000000000000237412637966989705
0.000000000000492783474763666394
0.000000000000012217210824005482
0.000000000001095048412358122123
0.000000000003873538463205134711
0.000000000004203482196690317321
0.000000000002144954536834926853
0.000000000001788704177613636310
0.000000000002460327436420054332
