0.000000133168918568452770784737
0.000000007029759054519676855323
0.000000000528075115629599273616
0.000000000802138451028915390254
0.000000000006931253644102092032
0.000000000334470965435438618961
0.000000000124991776553723455783
0.000000000062153593458746703008
0.000000000215959070064751972384
0.000000000064375740222463994121
0.000000000062274752243080114226
0.000000000138475117976728962367
0.000000000085278517820828568532
0.000000000043126252389720011502
0.000000000072586914759980001189
0.000000000082199855612218897307
0.000000000056860291309270350238
0.000000000055011196317704865568
0.000000000055460870729530125057
0.000000000048417093553212966668
0.000000000032763039728398265916
0.000000000034594574883147107507
0.000000000045820915657900466772
0.000000000055907447721519433948
0.000000000045769411751777984695
0.000000000032831681903499939703
0.000000000018571891558279546431
0.000000000015875273851996321111
0.000000000019150776254937622393
0.000000000021344765231679487693
0.000000000023576834099125161751
0.000000000021021755926269460871
0.000000000017618174153139144583
0.000000000017007802184559231901
0.000000000014990235130644160850
0.000000000011675751443441046052
0.000000000009440558192419119992
0.000000000007620555321865066380
0.000000000006129875975933425891
0.000000000005849067465921490822
0.000000000006278330795749817598
0.000000000006120763350008952148
0.000000000005788704541594220871
0.000000000006413381729734744737
0.000000000007754475833771861348
0.000000000008294914114008204504
0.000000000006888445021752550057
0.000000000004566639671589563245
0.000000000003229471900561707594
0.000000000003387446342857699695
0.000000000003794537191081414674
0.000000000003066405111470138794
0.000000000001433816867189309157
0.000000000000389603025579868811
0.000000000000749232065684124542
0.000000000001344253485134720908
0.000000000000967646629355745387
0.000000000000105061080103744591
0.000000000000200565271848620486
0.000000000000896080600815946928
0.000000000000763326965166831914
0.000000000000080345549718805418
0.000000000000260559793110578870
0.000000000000913294692390464365
0.000000000000474260653226712937
0.000000000000032442519026807323
0.000000000000821905022454763169
0.000000000001019175735728939533
0.000000000000107760327652926121
0.000000000000586474235568195558
0.000000000001588684978558750408
0.000000000000523704236039133408
0.000000000000359316255189938194
0.000000000002018632385509619287
0.000000000001002328240472419433
0.000000000000309246717148805217
0.000000000002487323834759324995
0.000000000001165643656399223059
0.000000000000530660195515081545
0.000000000003123318840732157150
0.000000000000719671307412279384
0.000000000001351357815860894968
0.000000000001797650345024389586
0.000000000000328166977130603016
0.000000000001282838167985838764
0.000000000009533271478866683918
0.000000000006692614404790086009
0.000000000007590591677119583706
0.000000000000669067938970156843
0.000000000013168505521698834296
0.000000000016353726807693813471
0.000000000007111793299421916083
0.000000000005492315857927561862
0.000000000008785387676255768677
0.000000000008543682107872201758
0.000000000003888395210041409531
0.000000000049074211457863241504
0.000000000179149145317118881605
0.000000000023465549065269998232
