0.000000000000000075013368257031
0.000000000000000074931838488796
0.000000000000000074687624454662
0.000000000000000074281849958405
0.000000000000000073716381326364
0.000000000000000072993817433594
0.000000000000000072117475832260
0.000000000000000071091375073119
0.000000000000000069920213335606
0.000000000000000068609343505736
0.000000000000000067164744863577
0.000000000000000065592991563278
0.000000000000000063901218108345
0.000000000000000062097082042941
0.000000000000000060188724096267
0.000000000000000058184726031484
0.000000000000000056094066463008
0.000000000000000053926074916363
0.000000000000000051690384412933
0.000000000000000049396882867979
0.000000000000000047055663594155
0.000000000000000044676975204364
0.000000000000000042271171207333
0.000000000000000039848659586662
0.000000000000000037419852649442
0.000000000000000034995117423931
0.000000000000000032584726877252
0.000000000000000030198812213847
0.000000000000000027847316503523
0.000000000000000025539949874540
0.000000000000000023286146492449
0.000000000000000021095023529479
0.000000000000000018975342312273
0.000000000000000016935471817984
0.000000000000000014983354670173
0.000000000000000013126475766940
0.000000000000000011371833654266
0.000000000000000009725914737985
0.000000000000000008194670408133
0.000000000000000006783497129972
0.000000000000000005497219536723
0.000000000000000004340076540284
0.000000000000000003315710457955
0.000000000000000002427159135640
0.000000000000000001676851031220
0.000000000000000001066603205928
0.000000000000000000597622156643
0.000000000000000000270507408178
0.000000000000000000085257771912
0.000000000000000000041280165536
0.000000000000000000137400878331
0.000000000000000000371879157235
0.000000000000000000742422981084
0.000000000000000001246206883705
0.000000000000000001879891681143
0.000000000000000002639645954040
0.000000000000000003521169133135
0.000000000000000004519716033959
0.000000000000000005630122685909
0.000000000000000006846833301159
0.000000000000000008163928229968
0.000000000000000009575152751088
0.000000000000000011073946548836
0.000000000000000012653473732106
0.000000000000000014306653254962
0.000000000000000016026189603381
0.000000000000000017804603618269
0.000000000000000019634263330771
0.000000000000000021507414692246
0.000000000000000023416212087864
0.000000000000000025352748529623
0.000000000000000027309085431570
0.000000000000000029277281877030
0.000000000000000031249423294758
0.000000000000000033217649467907
0.000000000000000035174181806637
0.000000000000000037111349821939
0.000000000000000039021616744795
0.000000000000000040897604241094
0.000000000000000042732116178730
0.000000000000000044518161409026
0.000000000000000046248975529946
0.000000000000000047918041603575
0.000000000000000049519109804919
0.000000000000000051046215983297
0.000000000000000052493699121391
0.000000000000000053856217680419
0.000000000000000055128764822879
0.000000000000000056306682506916
0.000000000000000057385674448550
0.000000000000000058361817949856
0.000000000000000059231574592635
0.000000000000000059991799798269
0.000000000000000060639751255254
0.000000000000000061173096216459
0.000000000000000061589917668420
0.000000000000000061888719375013
0.000000000000000062068429797721
0.000000000000000062128404894359
