0.000000079217943144136903393738
0.000000008287975892424934815007
0.000000001456584684291733666418
0.000000000224012470627783195525
0.000000000207906116409626937792
0.000000000071439072376681696363
0.000000000072340069913347616477
0.000000000093422039660217094440
0.000000000106479939444969726526
0.000000000035519357972549922394
0.000000000118599090416608133453
0.000000000043819520122856442566
0.000000000061066421806733015570
0.000000000086292319318536094454
0.000000000037894522222409309140
0.000000000059555422381558247014
0.000000000059813774303757166583
0.000000000022018261685232280000
0.000000000041705205618713522324
0.000000000070362825687552020007
0.000000000043855623017599674105
0.000000000025823672426567391495
0.000000000030145477173054133228
0.000000000028863345930365991179
0.000000000020189993596149890808
0.000000000018397372790462330862
0.000000000019434584937360602494
0.000000000019578112518931522230
0.000000000023704216863511467760
0.000000000030386785789470336954
0.000000000024200024691437367994
0.000000000014449210052308212372
0.000000000008413555091519912731
0.000000000011591477581529844146
0.000000000015335339488332656313
0.000000000012704598790983565646
0.000000000008432686447177950614
0.000000000003847964930464733688
0.000000000001736185528193256375
0.000000000004267468895769398047
0.000000000007098628537063016375
0.000000000006794395271749303691
0.000000000004647043782428717751
0.000000000002981379960971233654
0.000000000002137972415737949037
0.000000000001806653027692814904
0.000000000002921053146586911186
0.000000000004579073574018363845
0.000000000004018134292820083615
0.000000000002068310488637291732
0.000000000002302529608163569922
0.000000000003189983541112592708
0.000000000001851662770229889922
0.000000000000641798580180975223
0.000000000001270414704366362249
0.000000000000911840432177272018
0.000000000000164113316287215045
0.000000000001590824221678961218
0.000000000002341648555303030466
0.000000000000852273188603009789
0.000000000000559077727936799223
0.000000000001411211417165264535
0.000000000000885297078895187044
0.000000000000108019811838724821
0.000000000000194607013238171539
0.000000000000096338957277649278
0.000000000000443712182792682080
0.000000000001335293453651862283
0.000000000000496112066440853503
0.000000000000457357743678378894
0.000000000002270539213371354891
0.000000000001037558838422275696
0.000000000000272872081060190542
0.000000000001396676206719985499
0.000000000000328623667993155200
0.000000000000382936758383402983
0.000000000000084015842948245615
0.000000000001213772356491071181
0.000000000001482597133571871063
0.000000000000620615401334268284
0.000000000003704875360909082488
0.000000000001645776822785603841
0.000000000003015161208019937035
0.000000000005015455847721282752
0.000000000001020314578431631207
0.000000000000683488484028795916
0.000000000010897595180109293881
0.000000000002752976474776419132
0.000000000002439059093936549818
0.000000000018705945194632597402
0.000000000008632264826243628663
0.000000000005165644816171879923
0.000000000010722520002172013352
0.000000000006323901673316188945
0.000000000040223297219680340578
0.000000000001650826249468087324
0.000000000006068765462307551266
0.000000000115628031769347039035
0.000000000063609663323169972043
