0.000000000000000361451775788749
0.000000000000000361040118541866
0.000000000000000359807217420764
0.000000000000000357759271167587
0.000000000000000354906567405053
0.000000000000000351263417590133
0.000000000000000346848066695067
0.000000000000000341682578352181
0.000000000000000335792696396082
0.000000000000000329207683924181
0.000000000000000321960141172250
0.000000000000000314085803664058
0.000000000000000305623322241505
0.000000000000000296614026712704
0.000000000000000287101674968915
0.000000000000000277132189516220
0.000000000000000266753383443523
0.000000000000000256014677904476
0.000000000000000244966813226883
0.000000000000000233661555779108
0.000000000000000222151402719163
0.000000000000000210489286728895
0.000000000000000198728282793764
0.000000000000000186921319028831
0.000000000000000175120893474951
0.000000000000000163378798696823
0.000000000000000151745855908032
0.000000000000000140271660228842
0.000000000000000129004338551955
0.000000000000000117990321351385
0.000000000000000107274129621717
0.000000000000000096898177981086
0.000000000000000086902594813031
0.000000000000000077325060161666
0.000000000000000068200661933087
0.000000000000000059561770795313
0.000000000000000051437934010894
0.000000000000000043855788282095
0.000000000000000036838991539741
0.000000000000000030408173464630
0.000000000000000024580904395983
0.000000000000000019371682155817
0.000000000000000014791936202208
0.000000000000000010850048418812
0.000000000000000007551389753467
0.000000000000000004898371835433
0.000000000000000002890512629268
0.000000000000000001524515123494
0.000000000000000000794358004197
0.000000000000000000691397227240
0.000000000000000001204477377746
0.000000000000000002320051691437
0.000000000000000004022309608897
0.000000000000000006293310740303
0.000000000000000009113124133944
0.000000000000000012459971766338
0.000000000000000016310375204099
0.000000000000000020639304427183
0.000000000000000025420327848923
0.000000000000000030625762619525
0.000000000000000036226824355547
0.000000000000000042193775497606
0.000000000000000048496071561186
0.000000000000000055102504610301
0.000000000000000061981343350033
0.000000000000000069100469300917
0.000000000000000076427508585147
0.000000000000000083929958920885
0.000000000000000091575311486094
0.000000000000000099331167376646
0.000000000000000107165348444584
0.000000000000000115046002360857
0.000000000000000122941701802263
0.000000000000000130821537714373
0.000000000000000138655206650705
0.000000000000000146413092233007
0.000000000000000154066340818223
0.000000000000000161586931494288
0.000000000000000168947740559344
0.000000000000000176122600667288
0.000000000000000183086354846685
0.000000000000000189814905620132
0.000000000000000196285259467201
0.000000000000000202475566886204
0.000000000000000208365158318398
0.000000000000000213934576202940
0.000000000000000219165603432213
0.000000000000000224041288475131
0.000000000000000228545967430947
0.000000000000000232665283268167
0.000000000000000236386202492523
0.000000000000000239697029474923
0.000000000000000242587418654974
0.000000000000000245048384818352
0.000000000000000247072311627176
0.000000000000000248652958561839
0.000000000000000249785466410653
0.000000000000000250466361420467
0.000000000000000250693558197214
