0.000000078888694664623278018215
0.000000010848554404177722305561
0.000000000811447505184000201729
0.000000000524393922020716079592
0.000000000046765889132533574757
0.000000000129479941633983390905
0.000000000022684953380776386511
0.000000000198996814519951018701
0.000000000042128607143355871788
0.000000000074801778345224999975
0.000000000083866685469664527303
0.000000000055197650733220069361
0.000000000090723685438677051878
0.000000000031665691109163942605
0.000000000052485511093058165813
0.000000000069485061868846083863
0.000000000037033485194229900674
0.000000000050784751652472448718
0.000000000053510198499616517244
0.000000000026271560847022800547
0.000000000027071490008687158021
0.000000000041403459749164091198
0.000000000026873326169667355585
0.000000000022164644105785087845
0.000000000030669871933967450839
0.000000000031366413717386882444
0.000000000020596903807067303305
0.000000000019222622338299112687
0.000000000019273382161708774734
0.000000000018737677305381790385
0.000000000014793289972232045110
0.000000000014461479182250171242
0.000000000011026291803475549282
0.000000000008860139322466091594
0.000000000010706087470019476294
0.000000000010826481092379979035
0.000000000008907258878153220483
0.000000000005550705501856415146
0.000000000004514133694662268118
0.000000000005836301421248737635
0.000000000006458644103039456962
0.000000000006058429499809370593
0.000000000004100507091247439779
0.000000000001611711303944492488
0.000000000002146706083806352617
0.000000000004127782328432511701
0.000000000003566698512624271052
0.000000000001818370920388208566
0.000000000001600133966043336432
0.000000000001178119538817651831
0.000000000000463507233324912923
0.000000000001590639457221362136
0.000000000002323238415688098672
0.000000000000803241301319774908
0.000000000000320356341896180932
0.000000000001033643291751247407
0.000000000000329059831210289491
0.000000000000303401502135159711
0.000000000001154519517596224144
0.000000000000395680158662133261
0.000000000000219827942196682777
0.000000000000931582649640852829
0.000000000000230063720682140740
0.000000000000265931049236292887
0.000000000000601703064308803481
0.000000000000012427225066876728
0.000000000000753736952236322604
0.000000000000661546260688506474
0.000000000000043199679532808768
0.000000000000497504161415412868
0.000000000000151371281074464436
0.000000000000675349303427402315
0.000000000000482964229100168304
0.000000000000114807367031538299
0.000000000000819978144043995908
0.000000000000366512003875203303
0.000000000000336403652247082074
0.000000000000097566627356367348
0.000000000001007305960927902016
0.000000000000789336518411834143
0.000000000000175951466564309060
0.000000000000866118725409348704
0.000000000000896188994972423772
0.000000000000766332140636583104
0.000000000004369368386407670306
0.000000000000302426651365491105
0.000000000002873424791492159050
0.000000000005983831089319465528
0.000000000000537567372683058117
0.000000000003214072753308143896
0.000000000014664952350777234912
0.000000000006740428864067545163
0.000000000005367983415659580599
0.000000000008370414545147056833
0.000000000031399812344016678922
0.000000000007110256723317469160
0.000000000001862175731241331373
0.000000000091657948290395494285
0.000000000014174528255920733839
