0.000000178403249385209795130919
0.000000002953624608284581309466
0.000000000544551952730478583408
0.000000000035450688200790546412
0.000000000182094450351535589763
0.000000000169246694709040843729
0.000000000067397841613738011937
0.000000000141476887124715240801
0.000000000176406607663257921179
0.000000000066568706104768510805
0.000000000083545528030288344397
0.000000000157298009812614940972
0.000000000125189750858657039112
0.000000000053820507901233255660
0.000000000054050402426331423712
0.000000000100846562607374152667
0.000000000105589735968847237619
0.000000000082725699622898111223
0.000000000047498938704502475354
0.000000000040368720821345321520
0.000000000044912974169424045170
0.000000000060607888383010143638
0.000000000061628556488634863201
0.000000000059993443349277047371
0.000000000049491512210101124809
0.000000000035413045590009755969
0.000000000027991589206084780797
0.000000000020508092601347858089
0.000000000016486655705334934774
0.000000000017216593987015815130
0.000000000016621408197088552170
0.000000000015758028154850441503
0.000000000016480601061840363933
0.000000000016231775529941607646
0.000000000013969217603844422420
0.000000000011488457668803815782
0.000000000010098459365841160010
0.000000000009203855848957885664
0.000000000008160277539944577035
0.000000000007120543197784282527
0.000000000006362015895394652596
0.000000000006044742283461188531
0.000000000006018703457724434061
0.000000000005820390592519252326
0.000000000005162647181652653799
0.000000000004226553195775309346
0.000000000003386165542249262888
0.000000000002954920352880205224
0.000000000003124888924634648916
0.000000000003781515134380629054
0.000000000004509000195695271703
0.000000000004531375375961919953
0.000000000003418945569541847474
0.000000000001886913718413090720
0.000000000000841815556310051072
0.000000000000829881007303360054
0.000000000001527390122978061086
0.000000000002085458502270099674
0.000000000001649908089847539074
0.000000000000654958621269089878
0.000000000000046213804504192031
0.000000000000155889392501393013
0.000000000000585560928831979225
0.000000000000991744072053664955
0.000000000000909397063895923590
0.000000000000436877035418353549
0.000000000000015666933588055082
0.000000000000725877157051666460
0.000000000001769610556846049353
0.000000000001011049087334982008
0.000000000000002718752033440287
0.000000000001288692133760191098
0.000000000002043592030256610146
0.000000000000401955331619825835
0.000000000000534162558888364739
0.000000000001848655401748084354
0.000000000000560690236639479670
0.000000000000416219312749143251
0.000000000001262352868312630481
0.000000000000235502100037224245
0.000000000000920764698167020565
0.000000000000829528643894156745
0.000000000000338795895410031212
0.000000000003752141092069841311
0.000000000001543528061187745489
0.000000000012569586423163881503
0.000000000006908020992200026152
0.000000000009349195597147444708
0.000000000001749832833700795443
0.000000000010117620032696692520
0.000000000046658303682193719294
0.000000000012841568746294581705
0.000000000017927314104515579185
0.000000000047568772029245764432
0.000000000032414381032482216233
0.000000000050745430599150561173
0.000000000107289654843650029811
0.000000000144599874626598350155
0.000000000039591614650297561082
