0.000000061649016978958504295767
0.000000008013870029422647046314
0.000000001438384701220022746639
0.000000000155884976610670364239
0.000000000109233620771068676353
0.000000000028919656635713394548
0.000000000185568604829160993428
0.000000000016484437397558754236
0.000000000119895079583527716587
0.000000000056083296762500805867
0.000000000071595034040218600203
0.000000000053617199494826670574
0.000000000048196244856336766723
0.000000000092069600328505422990
0.000000000029180598475836473680
0.000000000046710876082161033765
0.000000000054639178178125766487
0.000000000024155175709346595676
0.000000000056871083760771513815
0.000000000054742618078672975698
0.000000000020747206594707759088
0.000000000026882408082909106869
0.000000000032411589503968668128
0.000000000018917133433767354915
0.000000000016261909872423954849
0.000000000028512614586836477797
0.000000000026630689215524406018
0.000000000023550495124814727175
0.000000000018255368622153782591
0.000000000017156255715136001856
0.000000000017553926645031959895
0.000000000018940566125894318887
0.000000000012162106531975010055
0.000000000005295981075505394866
0.000000000007705104101744054886
0.000000000010287944797565513983
0.000000000008592061587052358925
0.000000000003967281416201638130
0.000000000002351818497212971953
0.000000000004748899738839725570
0.000000000006809750296482172824
0.000000000005745487110812652461
0.000000000002392362393243318437
0.000000000001769394527060155903
0.000000000003812820871283602720
0.000000000003887381799117793874
0.000000000003041076900694601524
0.000000000003037929192755778482
0.000000000001746031296617434440
0.000000000001102291254787790710
0.000000000002540223484228700453
0.000000000002173450708315300350
0.000000000000897881612241639576
0.000000000002036633572135268784
0.000000000001908364699208767863
0.000000000000313814280366920729
0.000000000000841602707853901608
0.000000000000779766296761346274
0.000000000000289150392589534727
0.000000000001832416179894239261
0.000000000001556291282970262396
0.000000000000066458473234417912
0.000000000000383002148303761204
0.000000000000122498389782234942
0.000000000000514813341290585462
0.000000000001671954393629425573
0.000000000000547582040280003729
0.000000000000390313624820805035
0.000000000001019601646785867713
0.000000000000239395645634855304
0.000000000000603195526387370241
0.000000000000071967085254810487
0.000000000001162397695735555029
0.000000000002077209004784320190
0.000000000000139118700926017284
0.000000000000786571679304208273
0.000000000000469703837052830929
0.000000000000939173448905984471
0.000000000000223061936666000139
0.000000000002010173050822187489
0.000000000003086306856021153300
0.000000000000541664260087000732
0.000000000001887455442852226825
0.000000000000693086918441809555
0.000000000004573556849034933015
0.000000000008337841624106939856
0.000000000001912044194814423320
0.000000000001531372424416027808
0.000000000005425811638936912503
0.000000000002964901163195609905
0.000000000013315098808043384920
0.000000000007189204085945379105
0.000000000009830520977449736740
0.000000000001228115849778123592
0.000000000038690933394528135778
0.000000000013084583797911552870
0.000000000003288180651445760857
0.000000000063127698061924144755
0.000000000038440568583012344082
