0.000000003864199664092444326858
0.000000002636416794800382058207
0.000000000712278451951333610252
0.000000000022736513333029913878
0.000000000024221697600833070139
0.000000000013309471757014167704
0.000000000028093784500712516381
0.000000000028796134670836540550
0.000000000013863158077332797325
0.000000000025724282332257429503
0.000000000022999828625498672141
0.000000000008638481990944076440
0.000000000005368642227872908637
0.000000000009345797303349029004
0.000000000011325321377810825191
0.000000000009399662931493729325
0.000000000010348803651600228732
0.000000000013295766635400613666
0.000000000010959436164038622790
0.000000000007684757031949751749
0.000000000009851271508315230629
0.000000000008715863492296664039
0.000000000004103495396267890125
0.000000000005531892260492519756
0.000000000005711867214688576499
0.000000000002276471673660061566
0.000000000004073536127918936420
0.000000000004414329071610326642
0.000000000001390249905446492792
0.000000000003890344718744884505
0.000000000003864201259151199634
0.000000000001235051744756724920
0.000000000003861172753761799491
0.000000000002742647186461913598
0.000000000001643423201372204898
0.000000000003546229370149629749
0.000000000001519487633872398889
0.000000000002417592271370495961
0.000000000002621364236395056008
0.000000000001036725867334729923
0.000000000002857508661750278353
0.000000000001341630356417604456
0.000000000001384485753763195654
0.000000000002415603926175816006
0.000000000000532061758765868986
0.000000000001847094768134214607
0.000000000001394034658699759129
0.000000000000552573086955475043
0.000000000001617471870128882658
0.000000000000605539556721248803
0.000000000000854299069849511828
0.000000000000769022648424630791
0.000000000000577641592691131835
0.000000000000843434685128598545
0.000000000000193998826210396199
0.000000000001033936382537722977
0.000000000000521699068067805162
0.000000000000253639596645216039
0.000000000001084609476966110835
0.000000000000181194282187973444
0.000000000000355847624836436631
0.000000000000459067027162696812
0.000000000000210333923818309555
0.000000000000254590897787390910
0.000000000000113381245118573508
0.000000000000741571651569671222
0.000000000000209400798176088664
0.000000000000294108553366083283
0.000000000000764586729369972461
0.000000000000043366653317625553
0.000000000000238971002917297608
0.000000000000102402294913372768
0.000000000000341745957443866508
0.000000000000422343227350137088
0.000000000000133304657201419778
0.000000000000973109352643657433
0.000000000000439509274759398381
0.000000000000116632093360200503
0.000000000000261248455831363195
0.000000000000027926766733777142
0.000000000000446442917410285560
0.000000000000728795503330511381
0.000000000001129494364919656329
0.000000000000237440151988027812
0.000000000000919333628340851787
0.000000000001164592478222722125
0.000000000000423165798128976425
0.000000000004557735664929789982
0.000000000002890340743983183958
0.000000000000168941547964779503
0.000000000002275813356230886283
0.000000000000473078168828425540
0.000000000003977757930393397954
0.000000000002072829544422435338
0.000000000003753571449802285414
0.000000000022437623513787349787
0.000000000016384877614176137914
0.000000000002169605798771274980
0.000000000003916553906446238443
