0.000000000000000026304031513466
0.000000000000000026275930720083
0.000000000000000026191753353040
0.000000000000000026051873829678
0.000000000000000025856914109303
0.000000000000000025607740601592
0.000000000000000025305459863865
0.000000000000000024951413112496
0.000000000000000024547169580638
0.000000000000000024094518761128
0.000000000000000023595461579782
0.000000000000000023052200550387
0.000000000000000022467128968368
0.000000000000000021842819205376
0.000000000000000021182010171907
0.000000000000000020487594019383
0.000000000000000019762602157025
0.000000000000000019010190662133
0.000000000000000018233625165235
0.000000000000000017436265293726
0.000000000000000016621548759372
0.000000000000000015792975176065
0.000000000000000014954089694827
0.000000000000000014108466542961
0.000000000000000013259692553719
0.000000000000000012411350771687
0.000000000000000011567004217489
0.000000000000000010730179893225
0.000000000000000009904353107486
0.000000000000000009092932195702
0.000000000000000008299243708121
0.000000000000000007526518133880
0.000000000000000006777876225404
0.000000000000000006056315982929
0.000000000000000005364700354136
0.000000000000000004705745698950
0.000000000000000004082011064349
0.000000000000000003495888308777
0.000000000000000002949593110302
0.000000000000000002445156887237
0.000000000000000001984419654431
0.000000000000000001569023833003
0.000000000000000001200409025848
0.000000000000000000879807765966
0.000000000000000000608242239438
0.000000000000000000386521979866
0.000000000000000000215242526204
0.000000000000000000094785031292
0.000000000000000000025316803984
0.000000000000000000006792763572
0.000000000000000000038957781365
0.000000000000000000121349880622
0.000000000000000000253304262777
0.000000000000000000433958124844
0.000000000000000000662256230217
0.000000000000000000936957192700
0.000000000000000001256640431534
0.000000000000000001619713753404
0.000000000000000002024421516027
0.000000000000000002468853326707
0.000000000000000002950953228448
0.000000000000000003468529325615
0.000000000000000004019263800867
0.000000000000000004600723275012
0.000000000000000005210369461682
0.000000000000000005845570069119
0.000000000000000006503609902043
0.000000000000000007181702117366
0.000000000000000007876999588583
0.000000000000000008586606334785
0.000000000000000009307588971578
0.000000000000000010036988142625
0.000000000000000010771829892028
0.000000000000000011509136939425
0.000000000000000012245939821322
0.000000000000000012979287863953
0.000000000000000013706259954699
0.000000000000000014423975080930
0.000000000000000015129602606897
0.000000000000000015820372261136
0.000000000000000016493583808596
0.000000000000000017146616383481
0.000000000000000017776937460504
0.000000000000000018382111443914
0.000000000000000018959807855312
0.000000000000000019507809102804
0.000000000000000020024017815552
0.000000000000000020506463729252
0.000000000000000020953310109396
0.000000000000000021362859700527
0.000000000000000021733560190904
0.000000000000000022064009183183
0.000000000000000022352958662832
0.000000000000000022599318957040
0.000000000000000022802162177889
0.000000000000000022960725144474
0.000000000000000023074411779595
0.000000000000000023142794977448
0.000000000000000023165617939620
