0.000000000000000033676259298371
0.000000000000000033640158330064
0.000000000000000033532017136453
0.000000000000000033352320034674
0.000000000000000033101871502271
0.000000000000000032781792117870
0.000000000000000032393512912407
0.000000000000000031938768164885
0.000000000000000031419586685892
0.000000000000000030838281641053
0.000000000000000030197438975154
0.000000000000000029499904505756
0.000000000000000028748769762711
0.000000000000000027947356657019
0.000000000000000027099201068853
0.000000000000000026208035450384
0.000000000000000025277770544036
0.000000000000000024312476321210
0.000000000000000023316362250068
0.000000000000000022293757003845
0.000000000000000021249087723188
0.000000000000000020186858947341
0.000000000000000019111631329492
0.000000000000000018028000251370
0.000000000000000016940574451156
0.000000000000000015853954777097
0.000000000000000014772713176721
0.000000000000000013701372028536
0.000000000000000012644383919313
0.000000000000000011606111965759
0.000000000000000010590810774565
0.000000000000000009602608129388
0.000000000000000008645487487600
0.000000000000000007723271363419
0.000000000000000006839605667492
0.000000000000000005997945066254
0.000000000000000005201539417305
0.000000000000000004453421329896
0.000000000000000003756394892316
0.000000000000000003113025600603
0.000000000000000002525631515678
0.000000000000000001996275668708
0.000000000000000001526759727298
0.000000000000000001118618928100
0.000000000000000000773118274578
0.000000000000000000491249992052
0.000000000000000000273732225831
0.000000000000000000121008962219
0.000000000000000000033251146484
0.000000000000000000010358966559
0.000000000000000000051965266318
0.000000000000000000157440047701
0.000000000000000000325896016881
0.000000000000000000556195125930
0.000000000000000000846956058182
0.000000000000000001196562602677
0.000000000000000001603172860623
0.000000000000000002064729224857
0.000000000000000002578969071709
0.000000000000000003143436103522
0.000000000000000003755492279275
0.000000000000000004412330270413
0.000000000000000005110986378888
0.000000000000000005848353854758
0.000000000000000006621196551258
0.000000000000000007426162856177
0.000000000000000008259799839538
0.000000000000000009118567558955
0.000000000000000009998853465696
0.000000000000000010896986856247
0.000000000000000011809253316182
0.000000000000000012731909105223
0.000000000000000013661195434610
0.000000000000000014593352590207
0.000000000000000015524633857158
0.000000000000000016451319204315
0.000000000000000017369728689111
0.000000000000000018276235546003
0.000000000000000019167278924041
0.000000000000000020039376241504
0.000000000000000020889135127939
0.000000000000000021713264926176
0.000000000000000022508587729177
0.000000000000000023272048928667
0.000000000000000024000727254569
0.000000000000000024691844286231
0.000000000000000025342773418247
0.000000000000000025951048265470
0.000000000000000026514370493413
0.000000000000000027030617061806
0.000000000000000027497846870479
0.000000000000000027914306798089
0.000000000000000028278437125426
0.000000000000000028588876336193
0.000000000000000028844465289179
0.000000000000000029044250756741
0.000000000000000029187488325415
0.000000000000000029273644655307
0.000000000000000029302399095734
