0.000000174511125753353905994434
0.000000004857731019198564070642
0.000000000178084759605573195576
0.000000000253970913378522197490
0.000000000194724617830117824498
0.000000000067681559558976004594
0.000000000145446984907947706717
0.000000000147307399897816186332
0.000000000070513984060061180269
0.000000000105386025061887957238
0.000000000154756287295879764488
0.000000000091277899264938094482
0.000000000049379046018866077142
0.000000000095524407249047139350
0.000000000133593854599866613612
0.000000000100777666668062944673
0.000000000043967477024395283591
0.000000000034005533540458364228
0.000000000056024668245491732395
0.000000000087372497262178996953
0.000000000086550901903654104060
0.000000000073119436265120135740
0.000000000049060648928501638456
0.000000000032254854513999921407
0.000000000027671189580217104773
0.000000000026310611487835519036
0.000000000031992400185256488049
0.000000000033530589962591794819
0.000000000031115556671052267244
0.000000000029584659001922494472
0.000000000024791808818966113741
0.000000000017978035012005572126
0.000000000013975684777116629989
0.000000000011579207140446147799
0.000000000008945338399187372005
0.000000000006995454255740146023
0.000000000006347986486480643568
0.000000000006095294968048337797
0.000000000005309147322603784914
0.000000000004289200822972585581
0.000000000003645610647199704663
0.000000000003544876163495221812
0.000000000003876633919509036210
0.000000000004371192675343354681
0.000000000004837179932044463311
0.000000000005024307742703290717
0.000000000004540188450446079943
0.000000000003498571954300690143
0.000000000002465157644152235982
0.000000000001899753046624523107
0.000000000002041545188057831106
0.000000000002639083510044918357
0.000000000003046610125433797820
0.000000000002559685790349623844
0.000000000001385974416178695259
0.000000000000445365329174018577
0.000000000000076243915902818585
0.000000000000313597748125117150
0.000000000000951562104316317331
0.000000000001660765617557476062
0.000000000001587810087553421334
0.000000000000734720280402163787
0.000000000000138467846556346676
0.000000000001133177041157968294
0.000000000002479374781458852502
0.000000000001725570758667742019
0.000000000000160899257493561493
0.000000000000568254926693726159
0.000000000001606091110706911853
0.000000000000862233775645798757
0.000000000000144348982402456038
0.000000000000461636255222252827
0.000000000000346386715784958397
0.000000000000898834575721071812
0.000000000001222471471932726424
0.000000000000005539005874378729
0.000000000001803046078784969499
0.000000000002784670142064746295
0.000000000000221655720944147783
0.000000000002971947739613454119
0.000000000003018694093211864561
0.000000000000274649317957454553
0.000000000003681899845137364856
0.000000000003278984897690601627
0.000000000003323460519420497089
0.000000000011798243947746646798
0.000000000005692157399087069642
0.000000000009014249595029189433
0.000000000000711492285054107848
0.000000000005136408971929559825
0.000000000021006533456888887094
0.000000000023272425812065807756
0.000000000003100468566004208487
0.000000000033266652888589730357
0.000000000028471948950425056396
0.000000000021083089561952425149
0.000000000099781853221694479257
0.000000000097121370139154111883
0.000000000056684591744838678431
