0.000000000000000014200239239308
0.000000000000000014185180207891
0.000000000000000014140069128099
0.000000000000000014065103725544
0.000000000000000013960612485442
0.000000000000000013827053072621
0.000000000000000013665010131871
0.000000000000000013475192480907
0.000000000000000013258429711535
0.000000000000000013015668217898
0.000000000000000012747966673762
0.000000000000000012456490983800
0.000000000000000012142508736633
0.000000000000000011807383189992
0.000000000000000011452566820788
0.000000000000000011079594475076
0.000000000000000010690076154864
0.000000000000000010285689480433
0.000000000000000009868171868315
0.000000000000000009439312466302
0.000000000000000009000943887797
0.000000000000000008554933788492
0.000000000000000008103176328835
0.000000000000000007647583565823
0.000000000000000007190076817615
0.000000000000000006732578044072
0.000000000000000006277001285696
0.000000000000000005825244202622
0.000000000000000005379179754192
0.000000000000000004940648058352
0.000000000000000004511448468594
0.000000000000000004093331904450
0.000000000000000003687993469675
0.000000000000000003297065390193
0.000000000000000002922110301710
0.000000000000000002564614914582
0.000000000000000002225984081090
0.000000000000000001907535287794
0.000000000000000001610493593032
0.000000000000000001335987027021
0.000000000000000001085042469344
0.000000000000000000858582015934
0.000000000000000000657419844976
0.000000000000000000482259588529
0.000000000000000000333692213997
0.000000000000000000212194417051
0.000000000000000000118127525080
0.000000000000000000051736907819
0.000000000000000000013151889478
0.000000000000000000002386154447
0.000000000000000000019338636540
0.000000000000000000063794879721
0.000000000000000000135428856408
0.000000000000000000233805227673
0.000000000000000000358382028069
0.000000000000000000508513756371
0.000000000000000000683454852153
0.000000000000000000882363537001
0.000000000000000001104305998115
0.000000000000000001348260891157
0.000000000000000001613124138502
0.000000000000000001897713998423
0.000000000000000002200776380290
0.000000000000000002520990380544
0.000000000000000002856974014002
0.000000000000000003207290114971
0.000000000000000003570452382676
0.000000000000000003944931545695
0.000000000000000004329161620273
0.000000000000000004721546237799
0.000000000000000005120465017111
0.000000000000000005524279957813
0.000000000000000005931341831387
0.000000000000000006339996547482
0.000000000000000006748591473501
0.000000000000000007155481686322
0.000000000000000007559036135786
0.000000000000000007957643700412
0.000000000000000008349719116614
0.000000000000000008733708763607
0.000000000000000009108096287034
0.000000000000000009471408045245
0.000000000000000009822218363080
0.000000000000000010159154578859
0.000000000000000010480901871216
0.000000000000000010786207853278
0.000000000000000011073886922556
0.000000000000000011342824355805
0.000000000000000011591980138917
0.000000000000000011820392522784
0.000000000000000012027181296842
0.000000000000000012211550772824
0.000000000000000012372792472025
0.000000000000000012510287510138
0.000000000000000012623508674457
0.000000000000000012712022188988
0.000000000000000012775489163706
0.000000000000000012813666724898
0.000000000000000012826408824237
