0.000000000001439285625373966536
0.000000000001433291311967827209
0.000000000001415452140488132826
0.000000000001386194044571108514
0.000000000001346209267674374154
0.000000000001296430797992566159
0.000000000001237998330224942297
0.000000000001172217383121855534
0.000000000001100513499535086251
0.000000000001024383643579797902
0.000000000000945346979097858890
0.000000000000864897164174142230
0.000000000000784458134789571175
0.000000000000705345090406958454
0.000000000000628732054652119260
0.000000000000555626988694293712
0.000000000000486855009264422910
0.000000000000423049833851568706
0.000000000000364653167627644477
0.000000000000311921382370869703
0.000000000000264938535239565796
0.000000000000223634547750062023
0.000000000000187807220186561141
0.000000000000157146695669618445
0.000000000000131261007606038076
0.000000000000109701435898762624
0.000000000000091986549007773263
0.000000000000077624005982238790
0.000000000000066129418766022368
0.000000000000057041814025908001
0.000000000000049935469956702272
0.000000000000044428123284913774
0.000000000000040185733854601621
0.000000000000036924150557492425
0.000000000000034408137985499830
0.000000000000032448296221510325
0.000000000000030896437742244436
0.000000000000029639979077933264
0.000000000000028595866203344491
0.000000000000027704488513276912
0.000000000000026923954271561926
0.000000000000026225008347607858
0.000000000000025586778196214958
0.000000000000024993442887340418
0.000000000000024431837893072552
0.000000000000023889939281002003
0.000000000000023356117510998358
0.000000000000022819014352078260
0.000000000000022267876413771845
0.000000000000021693174216765386
0.000000000000021087344548460618
0.000000000000020445513400355026
0.000000000000019766084069649670
0.000000000000019051106941821531
0.000000000000018306381096866542
0.000000000000017541270548509201
0.000000000000016768247420474021
0.000000000000016002198998022969
0.000000000000015259554239790726
0.000000000000014557297427100768
0.000000000000013911942118519117
0.000000000000013338537873287210
0.000000000000012849776082697009
0.000000000000012455250747006361
0.000000000000012160916368253480
0.000000000000011968769576126399
0.000000000000011876764923096554
0.000000000000011878959635558218
0.000000000000011965867988275813
0.000000000000012124994173586423
0.000000000000012341503626482311
0.000000000000012598987062656551
0.000000000000012880269074288781
0.000000000000013168213877136790
0.000000000000013446484395537695
0.000000000000013700216843805935
0.000000000000013916580741810902
0.000000000000014085203256229452
0.000000000000014198446236350227
0.000000000000014251533686650335
0.000000000000014242536118821258
0.000000000000014172225772864243
0.000000000000014043822719741265
0.000000000000013862656110112995
0.000000000000013635767197564131
0.000000000000013371481250087197
0.000000000000013078974197650041
0.000000000000012767857075309447
0.000000000000012447797320473087
0.000000000000012128191136229903
0.000000000000011817895837381200
0.000000000000011525025752993196
0.000000000000011256810248341085
0.000000000000011019508084594424
0.000000000000010818368926842723
0.000000000000010657630531388554
0.000000000000010540539094497584
0.000000000000010469380437637644
0.000000000000010445511059187552
