0.000000227069513988100819953256
0.000000002889764541489101412573
0.000000000160903672700152225751
0.000000000049246940351414049889
0.000000000266878521694812204159
0.000000000278129157543114484047
0.000000000018520045662669902769
0.000000000262908809631460636224
0.000000000230629109762899042363
0.000000000046908173885620077631
0.000000000095392240340383122731
0.000000000163916772908691596400
0.000000000140603710557529006806
0.000000000092451432575307141154
0.000000000076057704491655023838
0.000000000060981994340643322298
0.000000000062526157471507580823
0.000000000071895084961096769962
0.000000000086992617511759914004
0.000000000087581823948329493369
0.000000000084437102785647475447
0.000000000065197205772845483911
0.000000000053907439123564730427
0.000000000042527418479988801480
0.000000000034641126252452291728
0.000000000034767110207063669044
0.000000000032336205811277052245
0.000000000030814459356911629157
0.000000000032355076349457952557
0.000000000030978631185205316488
0.000000000027068117652875655267
0.000000000024862820353676349176
0.000000000023303107383961782343
0.000000000020122149625225833259
0.000000000016021779059560315496
0.000000000012623713660980399977
0.000000000010522008059420637616
0.000000000009327027987349684704
0.000000000008673347382072547812
0.000000000008384641038472328493
0.000000000008165258739349691731
0.000000000007847562548177954557
0.000000000007543219704937948038
0.000000000007230749208708997741
0.000000000006663073354898723244
0.000000000005784698674759699005
0.000000000004762709352521543005
0.000000000003721920507982278213
0.000000000002725224414656480553
0.000000000002043439822704538989
0.000000000001920392936842717901
0.000000000001966263744260629018
0.000000000001710353109742440005
0.000000000001192494748497941200
0.000000000000559465111727608333
0.000000000000245170970992782554
0.000000000000480955802035965533
0.000000000001090596312049068941
0.000000000001544006270834390805
0.000000000001592856375300140413
0.000000000001144945312839525939
0.000000000000347637114608644607
0.000000000000016316506146371476
0.000000000000287886817610463467
0.000000000000690221859253957207
0.000000000000946974043069440851
0.000000000000920968614877479921
0.000000000000513148595529277499
0.000000000000044349900074346986
0.000000000000694510041164693505
0.000000000001503878002545098133
0.000000000000755321916942360908
0.000000000000132679470065993481
0.000000000000776295910119389441
0.000000000000716439284071332541
0.000000000000593522112820999076
0.000000000000766274665382494810
0.000000000000167775439938597497
0.000000000001243467260078515177
0.000000000001314581935090812380
0.000000000000062343026909140737
0.000000000001552045714099585535
0.000000000001032422800831533568
0.000000000000076347083560650652
0.000000000002800247734848637957
0.000000000002236296775321670092
0.000000000005548917105881236879
0.000000000002347872703081043526
0.000000000009238881385051945549
0.000000000009342871344877661564
0.000000000013114086738771728443
0.000000000000428070556519937933
0.000000000033422796426482721727
0.000000000027178986518846269707
0.000000000016693084884525453859
0.000000000074679974288785080978
0.000000000058410167717062420888
0.000000000199000798531241231959
0.000000000019022381831212824552
