0.000000327517670699513294418497
0.000000000341378021001027748907
0.000000001397781295894929791126
0.000000000105267147132198535032
0.000000000673812589729076874872
0.000000000189691489381793089103
0.000000000147385250246801051055
0.000000000051815914346123292422
0.000000000249018856194172010591
0.000000000229996851953405380698
0.000000000151664887649775244623
0.000000000158047047586656880166
0.000000000089319390231945998042
0.000000000062854060246705234007
0.000000000088940625616487135700
0.000000000100021657566979526274
0.000000000072671822037211092620
0.000000000076557603809946638279
0.000000000086107505990826407279
0.000000000093594571039324352597
0.000000000077275027058121544072
0.000000000053087690557247931679
0.000000000043038838854484987165
0.000000000036749313384898738899
0.000000000034347653537467335436
0.000000000039512604526128156081
0.000000000046951113830238233557
0.000000000049226591904718239483
0.000000000044483132775624955241
0.000000000036260507819659176813
0.000000000027769376391479364480
0.000000000022154200084710413256
0.000000000022021943894567833424
0.000000000025100494817515391704
0.000000000025805008055152409290
0.000000000020980030412161134691
0.000000000013150850545898107635
0.000000000008823471680255235065
0.000000000011865171367195633724
0.000000000017667801861279659158
0.000000000018005128976653173218
0.000000000011602904764886034879
0.000000000005783099670414340178
0.000000000006361547899956899053
0.000000000010258338504207026894
0.000000000010614019615714510519
0.000000000006131705573845753266
0.000000000001947462243352154950
0.000000000001847140945358188636
0.000000000003516817438089290343
0.000000000003196078165304021106
0.000000000001334608855253124225
0.000000000000417994026187976783
0.000000000000680557771654451865
0.000000000000883115349763040340
0.000000000000532245917125437619
0.000000000000150064068402747009
0.000000000000254000703421132356
0.000000000000593246373128629021
0.000000000000639636793910315575
0.000000000000376746832026889883
0.000000000000545813713959503338
0.000000000001698419503648945977
0.000000000002242514595516587107
0.000000000001199179856688947212
0.000000000001649275234938612911
0.000000000002939092424700908309
0.000000000001875426341963776094
0.000000000000262540013513856119
0.000000000000738192822191486473
0.000000000000147917257524260244
0.000000000000777187420506595344
0.000000000002083053969551150438
0.000000000000655640264903838126
0.000000000002516240710284142069
0.000000000002222723236460546884
0.000000000000037789579666045551
0.000000000001278578577314786362
0.000000000000192963182450797291
0.000000000003973903474712412411
0.000000000001914499762366154498
0.000000000000620674688748946496
0.000000000000313852973443012808
0.000000000004506782395944036673
0.000000000005871573581134172943
0.000000000007898639655183801712
0.000000000012736200897069754997
0.000000000009938176625901051757
0.000000000005584189114895606487
0.000000000015281995119916779775
0.000000000005770025458419970815
0.000000000005325322052625802605
0.000000000054482130375257597316
0.000000000042561210140640950826
0.000000000003228662569411788682
0.000000000003643232593894427128
0.000000000093288842901319762845
0.000000000260202532453911204143
0.000000000040099125782560992408
