0.000000000586300782872515570530
0.000000000513140248013917248346
0.000000000339763497881673430205
0.000000000163239871547825725171
0.000000000052393073037932987006
0.000000000010278984685516074923
0.000000000001921938721725731418
0.000000000000291890921511627855
0.000000000000781480013509511157
0.000000000005565942381300068632
0.000000000010594767244097234027
0.000000000010164225919406240655
0.000000000005407971143404120649
0.000000000002384413266456480197
0.000000000003875491892025887579
0.000000000006714659701944249473
0.000000000006830223667493980209
0.000000000004252443738783798588
0.000000000002182516377916229896
0.000000000002506098502270785201
0.000000000003798245388450432604
0.000000000003778197574107608242
0.000000000002402805284582318746
0.000000000001502748199937067837
0.000000000001947546902350304003
0.000000000002599847215571255052
0.000000000002286408044063106068
0.000000000001477912461559075104
0.000000000001241630239945344373
0.000000000001520164103439945689
0.000000000001512726208444586490
0.000000000001144562619520861264
0.000000000001008913308320250188
0.000000000001157474298178514134
0.000000000001063310498910064260
0.000000000000698163570904973785
0.000000000000608351096242766688
0.000000000000862928116739222546
0.000000000000890918960385557840
0.000000000000525690442938943763
0.000000000000310616838611462086
0.000000000000514351917512012356
0.000000000000674533659183249342
0.000000000000452762238102227684
0.000000000000195733059610580159
0.000000000000256365842857915165
0.000000000000404929194211425025
0.000000000000328312984727408373
0.000000000000167497922890267524
0.000000000000158905976241410490
0.000000000000203893909386831083
0.000000000000153588801288689000
0.000000000000116528678886267791
0.000000000000176035955771486303
0.000000000000178139044227977830
0.000000000000061473111073865430
0.000000000000029991222954553838
0.000000000000166301537975562070
0.000000000000239196579042920290
0.000000000000114764308495452247
0.000000000000001950061097151319
0.000000000000072849429291366591
0.000000000000173919027304706610
0.000000000000128151485393121240
0.000000000000023891318820975684
0.000000000000003895517684655685
0.000000000000028855572304037070
0.000000000000021599115241956513
0.000000000000018871637760185058
0.000000000000048225395675416165
0.000000000000056011627402274491
0.000000000000040083979163973853
0.000000000000063454892167556278
0.000000000000106535416633427348
0.000000000000098890936857110655
0.000000000000075315787432581870
0.000000000000096934845351642286
0.000000000000097494696255267484
0.000000000000032664738605133246
0.000000000000032661888839895666
0.000000000000142439363258576606
0.000000000000149444725536198242
0.000000000000019415874809895319
0.000000000000167488959634393426
0.000000000000778607072991537294
0.000000000001227138602389733028
0.000000000000894451123908687384
0.000000000000245934085833412850
0.000000000000190507879898213231
0.000000000000603657533198107342
0.000000000000589453233818806792
0.000000000000134087608478235818
0.000000000000208599282891028596
0.000000000001020655613287055392
0.000000000001496327975871831997
0.000000000000986805774668196265
0.000000000000248369000773933091
0.000000000000080095798189635844
0.000000000000169136892138033193
