0.000000011826862747939459062765
0.000000005867310107297650519454
0.000000000320144225826548434973
0.000000000082871293219328888319
0.000000000025303692181109144471
0.000000000102088965120064086618
0.000000000024379534583750502409
0.000000000053054912369671706307
0.000000000030012404414634182276
0.000000000007737795956023995814
0.000000000027896645230048150753
0.000000000034994774346825078882
0.000000000021547813830338659048
0.000000000029804681335820184944
0.000000000016105674810775498388
0.000000000011717914221587283533
0.000000000016948989328137487252
0.000000000012007950099981945813
0.000000000018274802716653173682
0.000000000017639740534857864790
0.000000000013491442084185812936
0.000000000019812660277791675469
0.000000000009132443791058499466
0.000000000015586852435949311570
0.000000000005939469307674316701
0.000000000011553831854176081213
0.000000000004958510655602211171
0.000000000007198688446446559527
0.000000000005595813874659980279
0.000000000004590153743778335505
0.000000000005478459574553623999
0.000000000003832012620563507911
0.000000000005405029489537111739
0.000000000003313262704484101575
0.000000000005263413300139690906
0.000000000003053002800121637169
0.000000000004529971749684453349
0.000000000003145478803492681841
0.000000000003749995827509009231
0.000000000003158745375233269983
0.000000000003267302876616941062
0.000000000002873026696159608060
0.000000000002863980884213934329
0.000000000002402188545144526804
0.000000000002269453364817432224
0.000000000002049596245116249657
0.000000000001512136006818169051
0.000000000002032331675710877567
0.000000000000827105212017155592
0.000000000002247090942222460154
0.000000000000360407637561866865
0.000000000002319198224956381004
0.000000000000164235371761537915
0.000000000001947542250184178232
0.000000000000204170636470545750
0.000000000001154724996361252084
0.000000000000457037647835812382
0.000000000000422080906309692030
0.000000000000814282177543724053
0.000000000000274704020672022693
0.000000000000962665301813915287
0.000000000000433511570336286880
0.000000000000552469985569041635
0.000000000000355649137910703869
0.000000000000241064679160532242
0.000000000000232464534310008558
0.000000000000740673825989823890
0.000000000000207923666428089338
0.000000000001061080276145648496
0.000000000000032594451569948069
0.000000000000348553443903201668
0.000000000000375411388131129928
0.000000000000080852259356868513
0.000000000001186531935852355883
0.000000000000427688002441229632
0.000000000000671807210211400613
0.000000000000102812271530959184
0.000000000000623830286311105627
0.000000000000216912767615016732
0.000000000001836807975398546936
0.000000000000318565244722622487
0.000000000000463573662209270053
0.000000000000124743649565869112
0.000000000001026226734382920207
0.000000000003005811940912265834
0.000000000000029505164648730991
0.000000000003455010332513975018
0.000000000000268404871621229210
0.000000000007289425874096452615
0.000000000001660305638035210622
0.000000000001397795476914785162
0.000000000003140273859718475252
0.000000000009290401109556845651
0.000000000003950098056991393531
0.000000000022657793773936991616
0.000000000000425549440689509404
0.000000000024451794614337791954
0.000000000001612663376182747961
0.000000000021968320073722206168
