0.000000000000135090568043708858
0.000000000000134581701307337718
0.000000000000133065065124491017
0.000000000000130570266722341461
0.000000000000127145712239297392
0.000000000000122857233353547975
0.000000000000117786233980682859
0.000000000000112027422896180711
0.000000000000105686212062999154
0.000000000000098875871032996571
0.000000000000091714534648745980
0.000000000000084322164182245564
0.000000000000076817560976401837
0.000000000000069315526753251546
0.000000000000061924256338905632
0.000000000000054743037097840157
0.000000000000047860315458970695
0.000000000000041352175232486638
0.000000000000035281255691926962
0.000000000000029696120377889157
0.000000000000024631070994081462
0.000000000000020106385283874891
0.000000000000016128943982204110
0.000000000000012693200311683294
0.000000000000009782436386506629
0.000000000000007370244522428166
0.000000000000005422167909173440
0.000000000000003897434335352599
0.000000000000002750718497927980
0.000000000000001933872607936511
0.000000000000001397571168110839
0.000000000000001092823533182171
0.000000000000000972316721318760
0.000000000000000991560465085993
0.000000000000001109816223117605
0.000000000000001290801400828313
0.000000000000001503168978936351
0.000000000000001720770811500984
0.000000000000001922719788620257
0.000000000000002093271694035947
0.000000000000002221551829301278
0.000000000000002301154298737406
0.000000000000002329643291863041
0.000000000000002307985856187106
0.000000000000002239944661775145
0.000000000000002131457291728008
0.000000000000001990025843204751
0.000000000000001824137295801406
0.000000000000001642731401819859
0.000000000000001454728970886999
0.000000000000001268629537433357
0.000000000000001092183669106144
0.000000000000000932141726170358
0.000000000000000794077816543245
0.000000000000000682285079247698
0.000000000000000599736313305894
0.000000000000000548102365645714
0.000000000000000527819593337628
0.000000000000000538197095580107
0.000000000000000577554226746926
0.000000000000000643379099334717
0.000000000000000732499303056532
0.000000000000000841256838036690
0.000000000000000965680220002643
0.000000000000001101647799817867
0.000000000000001245037489565526
0.000000000000001391859249932343
0.000000000000001538367823615331
0.000000000000001681154259785909
0.000000000000001817215736529527
0.000000000000001944004030993882
0.000000000000002059453697698795
0.000000000000002161991587932936
0.000000000000002250529777209462
0.000000000000002324444268192007
0.000000000000002383542012136542
0.000000000000002428018854528047
0.000000000000002458410974106985
0.000000000000002475542264010452
0.000000000000002480469914952019
0.000000000000002474430218805438
0.000000000000002458786331641921
0.000000000000002434979432253565
0.000000000000002404484398311860
0.000000000000002368770808997582
0.000000000000002329269780130833
0.000000000000002287346853921292
0.000000000000002244280907310658
0.000000000000002201248815868449
0.000000000000002159315418293064
0.000000000000002119428172403308
0.000000000000002082415778496781
0.000000000000002048989970394943
0.000000000000002019749637665896
0.000000000000001995186442776063
0.000000000000001975691131816042
0.000000000000001961559803804697
0.000000000000001952999497607927
0.000000000000001950132572900660
