0.000000000000008597669508419843
0.000000000000008583056820894084
0.000000000000008539345779067633
0.000000000000008466915849558726
0.000000000000008366394183784954
0.000000000000008238647768451517
0.000000000000008084772614214334
0.000000000000007906080156258744
0.000000000000007704081084232212
0.000000000000007480466858403889
0.000000000000007237089203355994
0.000000000000006975937899320023
0.000000000000006699117213960190
0.000000000000006408821333624386
0.000000000000006107309162619257
0.000000000000005796878861860565
0.000000000000005479842494386219
0.000000000000005158501134923923
0.000000000000004835120784335323
0.000000000000004511909407792303
0.000000000000004190995388563374
0.000000000000003874407657971971
0.000000000000003564057727179062
0.000000000000003261723808735758
0.000000000000002969037176174197
0.000000000000002687470869095902
0.000000000000002418330810104731
0.000000000000002162749359319118
0.000000000000001921681292842896
0.000000000000001695902154173603
0.000000000000001486008892706466
0.000000000000001292422671792954
0.000000000000001115393700684221
0.000000000000000955007920484945
0.000000000000000811195354214646
0.000000000000000683739915374646
0.000000000000000572290458104815
0.000000000000000476372845047031
0.000000000000000395402806287785
0.000000000000000328699364027344
0.000000000000000275498602645583
0.000000000000000234967572274551
0.000000000000000206218125467506
0.000000000000000188320500660064
0.000000000000000180316482413903
0.000000000000000181231986466517
0.000000000000000190088936929368
0.000000000000000205916323136465
0.000000000000000227760344217735
0.000000000000000254693570053087
0.000000000000000285823067481276
0.000000000000000320297460157046
0.000000000000000357312908975280
0.000000000000000396118017260577
0.000000000000000436017680748060
0.000000000000000476375916595157
0.000000000000000516617718147980
0.000000000000000556229992866344
0.000000000000000594761649655570
0.000000000000000631822908865785
0.000000000000000667083913438994
0.000000000000000700272723179461
0.000000000000000731172775987732
0.000000000000000759619900248648
0.000000000000000785498961530740
0.000000000000000808740224483396
0.000000000000000829315507461995
0.000000000000000847234203127632
0.000000000000000862539233215517
0.000000000000000875303000001484
0.000000000000000885623390870615
0.000000000000000893619885950643
0.000000000000000899429812150660
0.000000000000000903204780267677
0.000000000000000905107335202911
0.000000000000000905307842866843
0.000000000000000903981631135208
0.000000000000000901306396321920
0.000000000000000897459881121993
0.000000000000000892617824897643
0.000000000000000886952182572464
0.000000000000000880629604289085
0.000000000000000873810164392633
0.000000000000000866646325233695
0.000000000000000859282118740653
0.000000000000000851852526685071
0.000000000000000844483039042355
0.000000000000000837289368814677
0.000000000000000830377301111859
0.000000000000000823842654152260
0.000000000000000817771330121388
0.000000000000000812239434479916
0.000000000000000807313443313337
0.000000000000000803050399629300
0.000000000000000799498121102515
0.000000000000000796695403607038
0.000000000000000794672206928338
0.000000000000000793449811279090
0.000000000000000793040935620199
