0.000000000000001108012214941590
0.000000000000001106659386619082
0.000000000000001102608575090665
0.000000000000001095882741835488
0.000000000000001086519960453817
0.000000000000001074573125446547
0.000000000000001060109548632966
0.000000000000001043210447269495
0.000000000000001023970329002988
0.000000000000001002496279797574
0.000000000000000978907161901452
0.000000000000000953332729758478
0.000000000000000925912672508707
0.000000000000000896795592354255
0.000000000000000866137928584961
0.000000000000000834102837457587
0.000000000000000800859038399403
0.000000000000000766579637160505
0.000000000000000731440936569513
0.000000000000000695621245456502
0.000000000000000659299696098748
0.000000000000000622655080224646
0.000000000000000585864713185508
0.000000000000000549103335382222
0.000000000000000512542059422848
0.000000000000000476347370798700
0.000000000000000440680189110949
0.000000000000000405694996069063
0.000000000000000371539035628397
0.000000000000000338351590749053
0.000000000000000306263340353941
0.000000000000000275395799152811
0.000000000000000245860842092423
0.000000000000000217760314302095
0.000000000000000191185726539133
0.000000000000000166218035309517
0.000000000000000142927506054672
0.000000000000000121373657062631
0.000000000000000101605281088278
0.000000000000000083660541057964
0.000000000000000067567135693157
0.000000000000000053342530418988
0.000000000000000040994248528802
0.000000000000000030520217255982
0.000000000000000021909163159316
0.000000000000000015141051056951
0.000000000000000010187560644439
0.000000000000000007012594901694
0.000000000000000005572814428163
0.000000000000000005818191940969
0.000000000000000007692581322303
0.000000000000000011134295804692
0.000000000000000016076690130357
0.000000000000000022448741807851
0.000000000000000030175626909528
0.000000000000000039179286201265
0.000000000000000049378977765109
0.000000000000000060691812660524
0.000000000000000073033270564990
0.000000000000000086317692734502
0.000000000000000100458750024189
0.000000000000000115369884104009
0.000000000000000130964720390356
0.000000000000000147157451587396
0.000000000000000163863191089004
0.000000000000000180998295830356
0.000000000000000198480658495189
0.000000000000000216229969278703
0.000000000000000234167947675500
0.000000000000000252218545005934
0.000000000000000270308118612138
0.000000000000000288365578846652
0.000000000000000306322510142100
0.000000000000000324113267590224
0.000000000000000341675050573542
0.000000000000000358947955083907
0.000000000000000375875006430453
0.000000000000000392402174086258
0.000000000000000408478370449859
0.000000000000000424055435306246
0.000000000000000439088107763607
0.000000000000000453533987418629
0.000000000000000467353486466219
0.000000000000000480509774420680
0.000000000000000492968717056224
0.000000000000000504698811106783
0.000000000000000515671116189679
0.000000000000000525859185336317
0.000000000000000535238995426619
0.000000000000000543788878733767
0.000000000000000551489456692685
0.000000000000000558323576910512
0.000000000000000564276254340744
0.000000000000000569334617445343
0.000000000000000573487860071312
0.000000000000000576727199670462
0.000000000000000579045842393430
0.000000000000000580438955491736
0.000000000000000580903647364730
