0.000000000000000024273496803934
0.000000000000000024247592591725
0.000000000000000024169994953781
0.000000000000000024041048316652
0.000000000000000023861324829612
0.000000000000000023631621533831
0.000000000000000023352956422383
0.000000000000000023026563414086
0.000000000000000022653886270407
0.000000000000000022236571490771
0.000000000000000021776460227387
0.000000000000000021275579266243
0.000000000000000020736131126108
0.000000000000000020160483332166
0.000000000000000019551156925347
0.000000000000000018910814272398
0.000000000000000018242246245246
0.000000000000000017548358841304
0.000000000000000016832159318891
0.000000000000000016096741924037
0.000000000000000015345273286484
0.000000000000000014580977563723
0.000000000000000013807121412449
0.000000000000000013026998866826
0.000000000000000012243916202459
0.000000000000000011461176864000
0.000000000000000010682066532882
0.000000000000000009909838409753
0.000000000000000009147698783856
0.000000000000000008398792958881
0.000000000000000007666191601688
0.000000000000000006952877576839
0.000000000000000006261733326123
0.000000000000000005595528848191
0.000000000000000004956910329129
0.000000000000000004348389470297
0.000000000000000003772333555087
0.000000000000000003230956291451
0.000000000000000002726309462135
0.000000000000000002260275409614
0.000000000000000001834560377714
0.000000000000000001450688726945
0.000000000000000001109998035642
0.000000000000000000813635094131
0.000000000000000000562552794426
0.000000000000000000357507913310
0.000000000000000000199059782233
0.000000000000000000087569833162
0.000000000000000000023202005470
0.000000000000000000005923995116
0.000000000000000000035509323749
0.000000000000000000111540202041
0.000000000000000000233411158469
0.000000000000000000400333401959
0.000000000000000000611339884279
0.000000000000000000865291025823
0.000000000000000001160881066482
0.000000000000000001496645001596
0.000000000000000001870966061623
0.000000000000000002282083692995
0.000000000000000002728101996833
0.000000000000000003206998581533
0.000000000000000003716633784956
0.000000000000000004254760221790
0.000000000000000004819032611805
0.000000000000000005407017845017
0.000000000000000006016205240316
0.000000000000000006644016954798
0.000000000000000007287818501917
0.000000000000000007944929337558
0.000000000000000008612633474301
0.000000000000000009288190085380
0.000000000000000009968844061204
0.000000000000000010651836482743
0.000000000000000011334414977592
0.000000000000000012013843926060
0.000000000000000012687414486276
0.000000000000000013352454408860
0.000000000000000014006337613405
0.000000000000000014646493500611
0.000000000000000015270415975550
0.000000000000000015875672159148
0.000000000000000016459910766566
0.000000000000000017020870132662
0.000000000000000017556385866272
0.000000000000000018064398116473
0.000000000000000018542958435387
0.000000000000000018990236223473
0.000000000000000019404524744505
0.000000000000000019784246698702
0.000000000000000020127959343642
0.000000000000000020434359153713
0.000000000000000020702286009926
0.000000000000000020930726912934
0.000000000000000021118819213065
0.000000000000000021265853352091
0.000000000000000021371275112349
0.000000000000000021434687369678
0.000000000000000021455851347435
