0.000000000057386669144890078625
0.000000000053448827449035540024
0.000000000042896164996346670908
0.000000000028982053497705542429
0.000000000015623011070744589436
0.000000000005903698742672112433
0.000000000001089244524960104993
0.000000000000517621019964185576
0.000000000002290967335819083328
0.000000000004327831857515309071
0.000000000005246656927313140733
0.000000000004728655154968780432
0.000000000003319451045555666972
0.000000000001895265214588078035
0.000000000001122192709104480170
0.000000000001163701037320261865
0.000000000001715852235575028620
0.000000000002275670070676306520
0.000000000002454897353497961074
0.000000000002166261429296402067
0.000000000001607039091709222107
0.000000000001085965507345116951
0.000000000000819595839191003733
0.000000000000823492114903717355
0.000000000000948783601327440081
0.000000000001016400533601786254
0.000000000000944004609566108965
0.000000000000779906669044434547
0.000000000000635407606107634610
0.000000000000582326038479095824
0.000000000000600151047031470544
0.000000000000608118307650452794
0.000000000000545127652981444762
0.000000000000424606066629241284
0.000000000000318933172152925616
0.000000000000291775741606658015
0.000000000000340571106477870350
0.000000000000399154921687190706
0.000000000000395743742644112713
0.000000000000313719116784068198
0.000000000000202898702962230361
0.000000000000134413391823601664
0.000000000000140976625579699514
0.000000000000193866230015333861
0.000000000000232693775756852034
0.000000000000217814910412074476
0.000000000000159002115217370189
0.000000000000099283501916422454
0.000000000000073735248205041200
0.000000000000082101662025072185
0.000000000000096816387541767239
0.000000000000093641685571757245
0.000000000000073520936569673764
0.000000000000056580904275495432
0.000000000000057832092581904806
0.000000000000070636079712600152
0.000000000000074001090621702459
0.000000000000055071250804142827
0.000000000000023606306749120885
0.000000000000004081379452954448
0.000000000000013263275172234403
0.000000000000044678197550782635
0.000000000000074003174001954971
0.000000000000079501281742732856
0.000000000000058668372067032105
0.000000000000027510842930597539
0.000000000000005546988996674589
0.000000000000001182873500307636
0.000000000000008949852814093292
0.000000000000017659217619841158
0.000000000000019938638922352709
0.000000000000015746721258495127
0.000000000000010291627309441856
0.000000000000010759920977083062
0.000000000000023493659542917470
0.000000000000049804223726625930
0.000000000000080881128480136710
0.000000000000097948879946917639
0.000000000000083774397267044161
0.000000000000041339905998289574
0.000000000000003318875884688345
0.000000000000016863497211033471
0.000000000000107294258922154764
0.000000000000247495580887362817
0.000000000000363798242349674727
0.000000000000383931296017465688
0.000000000000295439687136584754
0.000000000000166657888046570632
0.000000000000106127232130317390
0.000000000000185087021164314675
0.000000000000381207170566169728
0.000000000000589089671712403958
0.000000000000691580373626756371
0.000000000000637570401555733071
0.000000000000467839675560389387
0.000000000000274321838657259743
0.000000000000132089837257795850
0.000000000000061037031914047599
0.000000000000042015579112794969
