0.000000000000000004273324051886
0.000000000000000004268839451637
0.000000000000000004255404899543
0.000000000000000004233078053350
0.000000000000000004201954715710
0.000000000000000004162168395381
0.000000000000000004113889696043
0.000000000000000004057325535884
0.000000000000000003992718201923
0.000000000000000003920344243898
0.000000000000000003840513213363
0.000000000000000003753566254387
0.000000000000000003659874552996
0.000000000000000003559837653200
0.000000000000000003453881648068
0.000000000000000003342457254934
0.000000000000000003226037784344
0.000000000000000003105117012843
0.000000000000000002980206970119
0.000000000000000002851835651408
0.000000000000000002720544666345
0.000000000000000002586886835685
0.000000000000000002451423747519
0.000000000000000002314723284697
0.000000000000000002177357135208
0.000000000000000002039898297289
0.000000000000000001902918590915
0.000000000000000001766986187200
0.000000000000000001632663167035
0.000000000000000001500503120030
0.000000000000000001371048794515
0.000000000000000001244829808988
0.000000000000000001122360434986
0.000000000000000001004137460891
0.000000000000000000890638145684
0.000000000000000000782318271122
0.000000000000000000679610300225
0.000000000000000000582921649379
0.000000000000000000492633080686
0.000000000000000000409097220597
0.000000000000000000332637210126
0.000000000000000000263545491315
0.000000000000000000202082733869
0.000000000000000000148476905232
0.000000000000000000102922486630
0.000000000000000000065579836911
0.000000000000000000036574705348
0.000000000000000000015997893840
0.000000000000000000003905068306
0.000000000000000000000316718391
0.000000000000000000005218263983
0.000000000000000000018560306400
0.000000000000000000040259021533
0.000000000000000000070196691669
0.000000000000000000108222372154
0.000000000000000000154152688598
0.000000000000000000207772759784
0.000000000000000000268837241084
0.000000000000000000337071482690
0.000000000000000000412172796688
0.000000000000000000493811826572
0.000000000000000000581634012592
0.000000000000000000675261145973
0.000000000000000000774293004898
0.000000000000000000878309064877
0.000000000000000000986870276036
0.000000000000000001099520899682
0.000000000000000001215790396432
0.000000000000000001335195358143
0.000000000000000001457241475831
0.000000000000000001581425535783
0.000000000000000001707237436096
0.000000000000000001834162215928
0.000000000000000001961682089838
0.000000000000000002089278479692
0.000000000000000002216434036750
0.000000000000000002342634646687
0.000000000000000002467371410504
0.000000000000000002590142594422
0.000000000000000002710455542119
0.000000000000000002827828542846
0.000000000000000002941792649205
0.000000000000000003051893438642
0.000000000000000003157692712931
0.000000000000000003258770130222
0.000000000000000003354724764486
0.000000000000000003445176587500
0.000000000000000003529767868761
0.000000000000000003608164489079
0.000000000000000003680057163838
0.000000000000000003745162572275
0.000000000000000003803224389398
0.000000000000000003854014217499
0.000000000000000003897332414533
0.000000000000000003933008816937
0.000000000000000003960903354806
0.000000000000000003980906557635
0.000000000000000003992939949188
0.000000000000000003996956330355
