0.000000000000032216386841341462
0.000000000000032140111300341411
0.000000000000031912220733632095
0.000000000000031535506562920349
0.000000000000031014565716895495
0.000000000000030355718800094743
0.000000000000029566898151624074
0.000000000000028657508328895986
0.000000000000027638262154569819
0.000000000000026520995982370660
0.000000000000025318468256216592
0.000000000000024044145747026977
0.000000000000022711982046067263
0.000000000000021336192969623524
0.000000000000019931033487708351
0.000000000000018510580633399252
0.000000000000017088526586599143
0.000000000000015677985766750146
0.000000000000014291319326129958
0.000000000000012939979923668247
0.000000000000011634379095099398
0.000000000000010383778936003322
0.000000000000009196209197505438
0.000000000000008078410277504862
0.000000000000007035801989894779
0.000000000000006072477425686534
0.000000000000005191220696917124
0.000000000000004393546888345298
0.000000000000003679762142572439
0.000000000000003049041478256150
0.000000000000002499521692884135
0.000000000000002028406533001005
0.000000000000001632081225276766
0.000000000000001306233448580926
0.000000000000001045977885488231
0.000000000000000845981614883919
0.000000000000000700587787662043
0.000000000000000603935255977424
0.000000000000000550072093488789
0.000000000000000533061239542990
0.000000000000000547076814315413
0.000000000000000586489974852272
0.000000000000000645943504635552
0.000000000000000720414643383371
0.000000000000000805265961956035
0.000000000000000896284363218740
0.000000000000000989708538468758
0.000000000000001082245426754115
0.000000000000001171076408507521
0.000000000000001253854113993640
0.000000000000001328690840827478
0.000000000000001394139653977189
0.000000000000001449169287803350
0.000000000000001493133985133035
0.000000000000001525739396032913
0.000000000000001547005622181208
0.000000000000001557228435183312
0.000000000000001556939622620133
0.000000000000001546867327873498
0.000000000000001527897152558434
0.000000000000001501034687237677
0.000000000000001467370030259716
0.000000000000001428044748977397
0.000000000000001384221634824850
0.000000000000001337057505910423
0.000000000000001287679219665179
0.000000000000001237162975005217
0.000000000000001186516909364092
0.000000000000001136666931404491
0.000000000000001088445675468668
0.000000000000001042584418822930
0.000000000000000999707767189565
0.000000000000000960330887429584
0.000000000000000924859047868796
0.000000000000000893589215855705
0.000000000000000866713457831318
0.000000000000000844323888565030
0.000000000000000826418922344709
0.000000000000000812910588899330
0.000000000000000803632689817206
0.000000000000000798349586400775
0.000000000000000796765426542275
0.000000000000000798533635669198
0.000000000000000803266514537487
0.000000000000000810544804177303
0.000000000000000819927095241816
0.000000000000000830958975079055
0.000000000000000843181820823282
0.000000000000000856141160539304
0.000000000000000869394536866329
0.000000000000000882518818666714
0.000000000000000895116915903265
0.000000000000000906823861396897
0.000000000000000917312230332930
0.000000000000000926296874489227
0.000000000000000933538953267475
0.000000000000000938849247845715
0.000000000000000942090748266554
0.000000000000000943180506165877
