0.000000407731613126306416591273
0.000000000453172892002221483607
0.000000002438921824897316542125
0.000000000079196265173047118863
0.000000000357895802676619077709
0.000000000333864579078727701321
0.000000000350186051273590849921
0.000000000081399060978077935487
0.000000000088223809541775062484
0.000000000109505508556826965886
0.000000000166571946201900827446
0.000000000210337588657851982706
0.000000000218204179165725165923
0.000000000187224915216024783756
0.000000000176579471160174514703
0.000000000193164952182012716082
0.000000000150414080434388887536
0.000000000108260902762474499630
0.000000000106915097509593558014
0.000000000105415550608096333807
0.000000000097161647424821975847
0.000000000074636554521470957571
0.000000000052451662169004340792
0.000000000046498113876859539462
0.000000000047542165896707735153
0.000000000053359794241513262219
0.000000000060932668406086490866
0.000000000057923300132081037477
0.000000000044130972186328532691
0.000000000033031640918441954711
0.000000000033841382345744667366
0.000000000036927338841049707651
0.000000000028671037632093791094
0.000000000019566629921922098663
0.000000000026305951833121022620
0.000000000032846353129647490717
0.000000000020944113371228707119
0.000000000010322300076995083900
0.000000000015853321245222051361
0.000000000018218288123594115310
0.000000000009026404723780711433
0.000000000004274766828554427156
0.000000000007794478102903083900
0.000000000007879085488448209419
0.000000000003320435185104719595
0.000000000002027954268736401096
0.000000000004158236487092099239
0.000000000005389346503504792782
0.000000000004920060229284547649
0.000000000003614101289179386321
0.000000000004175608249234570375
0.000000000006260700603172514837
0.000000000004638359960888895330
0.000000000001378929113489613515
0.000000000001842839204273812200
0.000000000002373731623426274701
0.000000000000628770344111029150
0.000000000000051277342136764906
0.000000000000403007110219175290
0.000000000000388482502971301126
0.000000000000259556079886340169
0.000000000000023207198742021137
0.000000000000908765968570549436
0.000000000000855512541775887233
0.000000000000169308734490286949
0.000000000001691099706234106829
0.000000000001359840173118042018
0.000000000000331504795556926613
0.000000000002140708218507195485
0.000000000000747006131810472070
0.000000000000391316347396936380
0.000000000000791811131387905591
0.000000000000092024986268132402
0.000000000000738302359957276428
0.000000000000224111345056201198
0.000000000002614085281875260619
0.000000000001439393573108953273
0.000000000002794382471955730452
0.000000000001841037743742479552
0.000000000001089442567199322431
0.000000000000321068410734651379
0.000000000000925866902224483143
0.000000000000651083911459389952
0.000000000004282541443573177897
0.000000000000389083425572782187
0.000000000016625761129881926146
0.000000000010024962739455683263
0.000000000011697375227071648049
0.000000000007946488558914258456
0.000000000060140271132457368472
0.000000000024836670119861474368
0.000000000003173270844138334388
0.000000000058207495230618736785
0.000000000006441596091757682891
0.000000000040901717270759057080
0.000000000005640998044568044242
0.000000000047196441279102684079
0.000000000093344511067706966517
0.000000000027256938990625528397
