0.000000085235640344960587461177
0.000000007386511568508526899689
0.000000001728028912494595556028
0.000000000416777364764087913205
0.000000000161678833425118563494
0.000000000154984545283727574678
0.000000000071371648718069107763
0.000000000087548931310756835385
0.000000000063493505497823289927
0.000000000156264038636491832297
0.000000000035521855741225097449
0.000000000066911666945522134528
0.000000000108985527613922089299
0.000000000045030707079562567113
0.000000000059291860730511087771
0.000000000066405078318444407706
0.000000000030288197976694302344
0.000000000046649785557269569317
0.000000000067827847606115913183
0.000000000045880722356438876634
0.000000000030660962284287824182
0.000000000034320472515420826549
0.000000000037245040522434796292
0.000000000024500712877408525134
0.000000000023323071333139167891
0.000000000025105807579044375453
0.000000000026136910034218878213
0.000000000020899986250321683132
0.000000000021669364497653291270
0.000000000023310028871416591731
0.000000000018966974253707148795
0.000000000014407508082950456523
0.000000000011213261257513646362
0.000000000013907378550786299017
0.000000000015452489125688221161
0.000000000012137114696454026617
0.000000000009125773182760343969
0.000000000006536163698130573033
0.000000000004670398109544460338
0.000000000005303351230073058626
0.000000000006959140803636734529
0.000000000007272521019733648790
0.000000000005572568972433839936
0.000000000003214042052352146917
0.000000000002072412370846277223
0.000000000002125322918983634442
0.000000000001853708322249200399
0.000000000001775619248608057818
0.000000000002830391029862147249
0.000000000003302808656688317646
0.000000000001700250402691780189
0.000000000000360731277144482649
0.000000000000923250518564827285
0.000000000001251705965131400486
0.000000000000384307526955741523
0.000000000000621311740500440858
0.000000000001558404947387124190
0.000000000000860882853231016639
0.000000000000021727087175780108
0.000000000000754345831094132625
0.000000000000779465367873832829
0.000000000000016384031315200941
0.000000000000788883454158959752
0.000000000001084058474266300748
0.000000000000084007031074473819
0.000000000000387571133884433613
0.000000000000537545246017701258
0.000000000000080987772856883940
0.000000000000860160435072610111
0.000000000000510017316840138768
0.000000000000093313550941101215
0.000000000001154314114149023231
0.000000000000561509706738651322
0.000000000000121360366588556017
0.000000000000454530002238590130
0.000000000000438649621311587350
0.000000000000768674453212828205
0.000000000000025694797657633155
0.000000000000990544300672488747
0.000000000001264942970099795946
0.000000000000002027201368925870
0.000000000001607770866077579189
0.000000000000766419574101298796
0.000000000000865157922016176600
0.000000000000285150801038755590
0.000000000008747351013073823492
0.000000000003740057645156047272
0.000000000002397620457577602767
0.000000000003232297889676038211
0.000000000005533371971468962065
0.000000000002917647609044973642
0.000000000018496470442236713357
0.000000000006529563520060513503
0.000000000024855195996576901520
0.000000000022758861874786982103
0.000000000001392599028965029466
0.000000000001421359240909968345
0.000000000115868064348980123701
0.000000000003286255808965723996
