0.000000000000000206226256529311
0.000000000000000205996259645146
0.000000000000000205307381559592
0.000000000000000204162953408303
0.000000000000000202568505249431
0.000000000000000200531733483665
0.000000000000000198062455584502
0.000000000000000195172552477023
0.000000000000000191875898994469
0.000000000000000188188282928926
0.000000000000000184127313274423
0.000000000000000179712318337169
0.000000000000000174964234457682
0.000000000000000169905486152642
0.000000000000000164559858539916
0.000000000000000158952362957848
0.000000000000000153109096729315
0.000000000000000147057098051887
0.000000000000000140824197017578
0.000000000000000134438863779044
0.000000000000000127930054883709
0.000000000000000121327058793321
0.000000000000000114659341593990
0.000000000000000107956393881277
0.000000000000000101247579776561
0.000000000000000094561988995372
0.000000000000000087928292845980
0.000000000000000081374604987936
0.000000000000000074928347726105
0.000000000000000068616124556562
0.000000000000000062463599617436
0.000000000000000056495384630852
0.000000000000000050734933852519
0.000000000000000045204447473798
0.000000000000000039924783848073
0.000000000000000034915380839672
0.000000000000000030194186520103
0.000000000000000025777599363694
0.000000000000000021680418023479
0.000000000000000017915800698955
0.000000000000000014495234040737
0.000000000000000011428511473596
0.000000000000000008723720759417
0.000000000000000006387240565581
0.000000000000000004423745752563
0.000000000000000002836221047338
0.000000000000000001625982726853
0.000000000000000000792707898341
0.000000000000000000334470930886
0.000000000000000000247786565351
0.000000000000000000527659207560
0.000000000000000001167637892430
0.000000000000000002159876394480
0.000000000000000003495197952641
0.000000000000000005163164074324
0.000000000000000007152146885168
0.000000000000000009449404496327
0.000000000000000012041158870530
0.000000000000000014912675680900
0.000000000000000018048345672552
0.000000000000000021431767055810
0.000000000000000025045828481207
0.000000000000000028872792169960
0.000000000000000032894376798880
0.000000000000000037091839765456
0.000000000000000041446058486773
0.000000000000000045937610414574
0.000000000000000050546851478025
0.000000000000000055253992695069
0.000000000000000060039174722587
0.000000000000000064882540144505
0.000000000000000069764303325329
0.000000000000000074664817684132
0.000000000000000079564640270527
0.000000000000000084444593549482
0.000000000000000089285824325800
0.000000000000000094069859761626
0.000000000000000098778660461193
0.000000000000000103394670616301
0.000000000000000107900865223478
0.000000000000000112280794399473
0.000000000000000116518624835579
0.000000000000000120599178443313
0.000000000000000124507968254166
0.000000000000000128231231644507
0.000000000000000131755960963302
0.000000000000000135069931645162
0.000000000000000138161727894427
0.000000000000000141020766027513
0.000000000000000143637315560824
0.000000000000000146002518130075
0.000000000000000148108404324133
0.000000000000000149947908512434
0.000000000000000151514881739890
0.000000000000000152804102756970
0.000000000000000153811287245518
0.000000000000000154533095292942
0.000000000000000154967137158751
0.000000000000000155111977368278
