0.000000000000000017771507203823
0.000000000000000017752613954755
0.000000000000000017696017444715
0.000000000000000017601966979964
0.000000000000000017470876722458
0.000000000000000017303323675190
0.000000000000000017100044877714
0.000000000000000016861933827756
0.000000000000000016590036149206
0.000000000000000016285544530935
0.000000000000000015949792964993
0.000000000000000015584250316525
0.000000000000000015190513261415
0.000000000000000014770298631006
0.000000000000000014325435206363
0.000000000000000013857855007351
0.000000000000000013369584124330
0.000000000000000012862733142437
0.000000000000000012339487210290
0.000000000000000011802095806481
0.000000000000000011252862258376
0.000000000000000010694133068581
0.000000000000000010128287104890
0.000000000000000009557724709667
0.000000000000000008984856784386
0.000000000000000008412093904497
0.000000000000000007841835518913
0.000000000000000007276459287208
0.000000000000000006718310606111
0.000000000000000006169692375138
0.000000000000000005632855049100
0.000000000000000005109987023001
0.000000000000000004603205392262
0.000000000000000004114547128541
0.000000000000000003645960708488
0.000000000000000003199298229736
0.000000000000000002776308045254
0.000000000000000002378627943869
0.000000000000000002007778901447
0.000000000000000001665159423734
0.000000000000000001352040498456
0.000000000000000001069561170773
0.000000000000000000818724752742
0.000000000000000000600395674033
0.000000000000000000415296977776
0.000000000000000000264008462126
0.000000000000000000146965464967
0.000000000000000000064458286094
0.000000000000000000016632238240
0.000000000000000000003488315556
0.000000000000000000024884465464
0.000000000000000000080537447324
0.000000000000000000170025259060
0.000000000000000000292790110727
0.000000000000000000448141922089
0.000000000000000000635262319475
0.000000000000000000853209105671
0.000000000000000001100921175173
0.000000000000000001377223845995
0.000000000000000001680834578199
0.000000000000000002010369048531
0.000000000000000002364347549912
0.000000000000000002741201684083
0.000000000000000003139281315439
0.000000000000000003556861753946
0.000000000000000003992151135095
0.000000000000000004443297965006
0.000000000000000004908398799122
0.000000000000000005385506023367
0.000000000000000005872635707184
0.000000000000000006367775498550
0.000000000000000006868892531782
0.000000000000000007373941319805
0.000000000000000007880871603438
0.000000000000000008387636131234
0.000000000000000008892198344412
0.000000000000000009392539942484
0.000000000000000009886668306280
0.000000000000000010372623756164
0.000000000000000010848486624406
0.000000000000000011312384121762
0.000000000000000011762496979510
0.000000000000000012197065849291
0.000000000000000012614397444235
0.000000000000000013012870405978
0.000000000000000013390940883258
0.000000000000000013747147808835
0.000000000000000014080117862553
0.000000000000000014388570109345
0.000000000000000014671320301987
0.000000000000000014927284839362
0.000000000000000015155484371907
0.000000000000000015355047046840
0.000000000000000015525211386595
0.000000000000000015665328794769
0.000000000000000015774865684677
0.000000000000000015853405226422
0.000000000000000015900648709139
0.000000000000000015916416515857
