0.000000000002008042480516889788
0.000000000001985509010279152860
0.000000000001919196762925730121
0.000000000001812864581719508232
0.000000000001672435721268539634
0.000000000001505521728599808658
0.000000000001320823773789125297
0.000000000001127469823899317592
0.000000000000934350547250228760
0.000000000000749514396773815594
0.000000000000579673476338569960
0.000000000000429857828473184782
0.000000000000303238549005664482
0.000000000000201121791746233707
0.000000000000123098446344490347
0.000000000000067319962877318432
0.000000000000030860875320227546
0.000000000000010123823516209260
0.000000000000001243381352008119
0.000000000000000450213939723806
0.000000000000004365935276689310
0.000000000000010210110708155629
0.000000000000015912611634441031
0.000000000000020135532460821693
0.000000000000022217929547201347
0.000000000000022062927815849392
0.000000000000019989891349399681
0.000000000000016574431652838023
0.000000000000012496463502880117
0.000000000000008412012087788130
0.000000000000004858865812726380
0.000000000000002200309476576457
0.000000000000000605817261956660
0.000000000000000063308328540240
0.000000000000000414716940558888
0.000000000000001405314735647246
0.000000000000002737342632511600
0.000000000000004119796514789317
0.000000000000005308293694993844
0.000000000000006131418208149638
0.000000000000006502416162032973
0.000000000000006417270087631710
0.000000000000005941803682217521
0.000000000000005191444709162509
0.000000000000004307597083183119
0.000000000000003434322071755953
0.000000000000002698341558358803
0.000000000000002194422538684044
0.000000000000001977153473773973
0.000000000000002059131875949360
0.000000000000002414764778670756
0.000000000000002988311745067944
0.000000000000003704501124165610
0.000000000000004480011933164470
0.000000000000005234293090071002
0.000000000000005898526655386234
0.000000000000006421962580150799
0.000000000000006775292138827779
0.000000000000006951129151873612
0.000000000000006961991088999208
0.000000000000006836392437919239
0.000000000000006613773451420550
0.000000000000006338996028862221
0.000000000000006057063115241152
0.000000000000005808582986332195
0.000000000000005626331653027788
0.000000000000005533090473955797
0.000000000000005540772969398313
0.000000000000005650720170327371
0.000000000000005854946729251353
0.000000000000006138063563041166
0.000000000000006479584977124321
0.000000000000006856343210629991
0.000000000000007244772972052684
0.000000000000007622883704269968
0.000000000000007971799211471654
0.000000000000008276805284681981
0.000000000000008527900237981446
0.000000000000008719886991481408
0.000000000000008852076657377296
0.000000000000008927692357363875
0.000000000000008953069386489225
0.000000000000008936745854108608
0.000000000000008888528996662044
0.000000000000008818608914392528
0.000000000000008736775721765468
0.000000000000008651779775757613
0.000000000000008570859017293565
0.000000000000008499443314550046
0.000000000000008441033428279114
0.000000000000008397241951163250
0.000000000000008367975275832194
0.000000000000008351729240410050
0.000000000000008345966527193298
0.000000000000008347541140351945
0.000000000000008353134397135832
0.000000000000008359667878216166
0.000000000000008364661701896605
0.000000000000008366511232483822
