0.000000000000003552914929637123
0.000000000000003547879483684050
0.000000000000003532808560166797
0.000000000000003507808045936434
0.000000000000003473053236518647
0.000000000000003428787078612663
0.000000000000003375317741990580
0.000000000000003313015552561257
0.000000000000003242309326542807
0.000000000000003163682153220497
0.000000000000003077666680534635
0.000000000000002984839963643462
0.000000000000002885817941553053
0.000000000000002781249610831917
0.000000000000002671810968284068
0.000000000000002558198796211902
0.000000000000002441124364551071
0.000000000000002321307123714833
0.000000000000002199468460475783
0.000000000000002076325586687501
0.000000000000001952585627172889
0.000000000000001828939968760910
0.000000000000001706058927332904
0.000000000000001584586783948700
0.000000000000001465137234774626
0.000000000000001348289292750139
0.000000000000001234583671830070
0.000000000000001124519677349914
0.000000000000001018552618704999
0.000000000000000917091753230327
0.000000000000000820498763029728
0.000000000000000729086759636992
0.000000000000000643119804894150
0.000000000000000562812930389180
0.000000000000000488332632280936
0.000000000000000419797813414502
0.000000000000000357281140343487
0.000000000000000300810779261709
0.000000000000000250372471926684
0.000000000000000205911910439528
0.000000000000000167337368226276
0.000000000000000134522543728362
0.000000000000000107309573128697
0.000000000000000085512168878330
0.000000000000000068918841802950
0.000000000000000057296166107156
0.000000000000000050392048600768
0.000000000000000047938965884594
0.000000000000000049657135989286
0.000000000000000055257593995208
0.000000000000000064445144408354
0.000000000000000076921166463170
0.000000000000000092386252005708
0.000000000000000110542659120844
0.000000000000000131096568150460
0.000000000000000153760130155078
0.000000000000000178253301154139
0.000000000000000204305458600286
0.000000000000000231656799466680
0.000000000000000260059522025492
0.000000000000000289278795848252
0.000000000000000319093526748372
0.000000000000000349296925302251
0.000000000000000379696889222575
0.000000000000000410116211215343
0.000000000000000440392625034932
0.000000000000000470378703267348
0.000000000000000499941620932466
0.000000000000000528962799316349
0.000000000000000557337444541975
0.000000000000000584973995280240
0.000000000000000611793493713742
0.000000000000000637728893415510
0.000000000000000662724317215764
0.000000000000000686734277424788
0.000000000000000709722869981068
0.000000000000000731662953223011
0.000000000000000752535321060443
0.000000000000000772327879368600
0.000000000000000791034833460740
0.000000000000000808655893532767
0.000000000000000825195504029648
0.000000000000000840662101972436
0.000000000000000855067408418139
0.000000000000000868425756412557
0.000000000000000880753458046661
0.000000000000000892068212546501
0.000000000000000902388556719879
0.000000000000000911733358553011
0.000000000000000920121354298700
0.000000000000000927570729024308
0.000000000000000934098740291489
0.000000000000000939721384418010
0.000000000000000944453104620942
0.000000000000000948306540255602
0.000000000000000951292316340129
0.000000000000000953418872584885
0.000000000000000954692331222085
0.000000000000000955116403046245
