0.000000005909110031708794679951
0.000000003651462236964665057603
0.000000000652751747220134424408
0.000000000020789166992468020342
0.000000000028725433025439200635
0.000000000017873949388882563972
0.000000000088937196945067164345
0.000000000032915847609819578960
0.000000000008153296980188042748
0.000000000022080704978490928625
0.000000000019549449690127746707
0.000000000006841469763685867404
0.000000000019830188875170503511
0.000000000027851241399594156816
0.000000000011640548000462315778
0.000000000017858112086128774985
0.000000000016323180020013575471
0.000000000006915833959398454680
0.000000000011974307057800490901
0.000000000009463294306900864743
0.000000000005429167111532035840
0.000000000009074312990336308255
0.000000000006933149424099877516
0.000000000006999580936189304132
0.000000000007919183943678636530
0.000000000005978923004276322069
0.000000000006955577122029645806
0.000000000006287772840013179070
0.000000000005755917178091833876
0.000000000004852503391011927879
0.000000000005478791777623680121
0.000000000004251967775950268999
0.000000000003614831381538810885
0.000000000004428864755335695511
0.000000000002444743506606671703
0.000000000003516341556181028393
0.000000000002342387812910215373
0.000000000002305916375850594369
0.000000000002422664634548427673
0.000000000001399503109146105152
0.000000000002181545053095822093
0.000000000001100044149885907841
0.000000000001573101216915344429
0.000000000001028388869312294981
0.000000000001114916659593034439
0.000000000000972124819667949000
0.000000000000680102244989293952
0.000000000001155080019192664384
0.000000000000285592704874785468
0.000000000001076873676856116085
0.000000000000464781710646334134
0.000000000000444524566447406369
0.000000000000810526355292357796
0.000000000000120519075389649094
0.000000000000544288748716328156
0.000000000000337552204989000084
0.000000000000199152250726973948
0.000000000000258811132043696137
0.000000000000366695538491170069
0.000000000000088886281101979161
0.000000000000292450775325017230
0.000000000000470173352055524758
0.000000000000003624770046540284
0.000000000000539278759246273340
0.000000000000223409772291203871
0.000000000000065773841215994183
0.000000000000222374290839133598
0.000000000000130478684503240650
0.000000000000031889954931845244
0.000000000000205889386573513431
0.000000000000497162165695426283
0.000000000000059526221818004865
0.000000000000407057449184433163
0.000000000000181088256836005530
0.000000000000022557336785605239
0.000000000000010410666382409386
0.000000000000364419325132264524
0.000000000000330339295595693523
0.000000000000311805688277142492
0.000000000000766581123638008443
0.000000000000037399872897350927
0.000000000000415913252417656777
0.000000000000123904474996475865
0.000000000002145774038940419888
0.000000000001711368013144925492
0.000000000000309984545587743144
0.000000000002303122594613190907
0.000000000000560968216248185637
0.000000000001812453813136460750
0.000000000001502238575449690251
0.000000000001685314977004311797
0.000000000000976832487679679756
0.000000000002811415630097737258
0.000000000008555303116878255559
0.000000000001169400376209326403
0.000000000007273600011853141159
0.000000000010073113057433650247
0.000000000000552321997747118426
0.000000000001442913861454087435
