0.000000000000278663591366195025
0.000000000000277289142875615247
0.000000000000273200908129454019
0.000000000000266502913102491409
0.000000000000257364241292295597
0.000000000000246012803766121602
0.000000000000232727024884617602
0.000000000000217825824539945539
0.000000000000201657350123045445
0.000000000000184586959636324789
0.000000000000166984979247557002
0.000000000000149214753569022762
0.000000000000131621476050073695
0.000000000000114522232570676143
0.000000000000098197617372071339
0.000000000000082885191612519698
0.000000000000068774956515415801
0.000000000000056006911017848761
0.000000000000044670663708560735
0.000000000000034806975944004034
0.000000000000026411031927497282
0.000000000000019437165866021832
0.000000000000013804728612163684
0.000000000000009404747794445681
0.000000000000006107026483751004
0.000000000000003767334963291672
0.000000000000002234376212076971
0.000000000000001356245537683142
0.000000000000000986155104416883
0.000000000000000987251283818310
0.000000000000001236413120851825
0.000000000000001626980232028628
0.000000000000002070414954658439
0.000000000000002496953881707843
0.000000000000002855345994345764
0.000000000000003111807071354224
0.000000000000003248342226513846
0.000000000000003260600272238366
0.000000000000003155425685296159
0.000000000000002948267299569049
0.000000000000002660588880968307
0.000000000000002317407102093629
0.000000000000001945058895556057
0.000000000000001569274488982513
0.000000000000001213606269680042
0.000000000000000898238461601800
0.000000000000000639179640149828
0.000000000000000447820291980356
0.000000000000000330821574735098
0.000000000000000290289475136467
0.000000000000000324180757648810
0.000000000000000426883255302583
0.000000000000000589912800799706
0.000000000000000802671907540402
0.000000000000001053220572402872
0.000000000000001329016627633655
0.000000000000001617591262015172
0.000000000000001907134044186310
0.000000000000002186970464166732
0.000000000000002447923201941243
0.000000000000002682555674305049
0.000000000000002885302647978466
0.000000000000003052497685636024
0.000000000000003182310853619759
0.000000000000003274612489383803
0.000000000000003330779993789724
0.000000000000003353464719479354
0.000000000000003346335246982354
0.000000000000003313811868605900
0.000000000000003260805134421149
0.000000000000003192469045108798
0.000000000000003113977076352151
0.000000000000003030326838382736
0.000000000000002946176933691530
0.000000000000002865717567441564
0.000000000000002792574750675835
0.000000000000002729746550095979
0.000000000000002679568789383022
0.000000000000002643706884451727
0.000000000000002623170071203352
0.000000000000002618344120253602
0.000000000000002629038682690307
0.000000000000002654545625118726
0.000000000000002693705042601032
0.000000000000002744976039522756
0.000000000000002806509801384459
0.000000000000002876222912401776
0.000000000000002951869279588211
0.000000000000003031109386358812
0.000000000000003111575907520701
0.000000000000003190934969072093
0.000000000000003266942532002068
0.000000000000003337495524684605
0.000000000000003400677451479942
0.000000000000003454798275069071
0.000000000000003498428416262382
0.000000000000003530426746153574
0.000000000000003549962468667301
0.000000000000003556530812023930
