0.000000028172826365588970005924
0.000000009067286946851268222465
0.000000000009835919340657948163
0.000000000070158811808759764171
0.000000000229353770623644221504
0.000000000030628670636829683763
0.000000000082809327316997416711
0.000000000029692912310945681047
0.000000000044850313679890795707
0.000000000068391004497569915287
0.000000000028045319417906487985
0.000000000040845696179578290541
0.000000000020679929205388029394
0.000000000047583499860675549027
0.000000000028736781092276177289
0.000000000043080695546968806994
0.000000000019709505757687111879
0.000000000026651133011058459137
0.000000000012613425009630316435
0.000000000028116480005216164760
0.000000000013639562599827610775
0.000000000031234137771572725726
0.000000000015799889194393848407
0.000000000025593684453516992429
0.000000000018049939846150140722
0.000000000013985210357876576301
0.000000000017886968141327177895
0.000000000006179366512199706537
0.000000000013343684706668226271
0.000000000006153439911911875424
0.000000000006998074164399195647
0.000000000008411233580039922958
0.000000000003622516632776441531
0.000000000007185856814545982390
0.000000000006099894167323812140
0.000000000003237957141054788116
0.000000000008231369958589930848
0.000000000003475435388702271624
0.000000000004501635083610742751
0.000000000006603050424513584745
0.000000000002189459053460746473
0.000000000004679823774293839287
0.000000000004679715028855914271
0.000000000001762553306264811993
0.000000000003885759943174545596
0.000000000003631467756299986863
0.000000000000930132947355564653
0.000000000003927452847345529977
0.000000000002101045897741104522
0.000000000001159562372424351339
0.000000000002813713422354736674
0.000000000000881562831277291357
0.000000000001069674164204719889
0.000000000001227145938717789953
0.000000000001514566121907958745
0.000000000000209278434045802107
0.000000000001985628415025651591
0.000000000000334877733310652446
0.000000000000749374103358577460
0.000000000000416291174971522761
0.000000000000998333940255162016
0.000000000000030048462160989075
0.000000000001343377332067570647
0.000000000000513903738968042728
0.000000000000351798508963998494
0.000000000000204134370143495382
0.000000000000932276859587575569
0.000000000000105738642495131101
0.000000000001354950115608788960
0.000000000000386218788568279175
0.000000000000199477092333616211
0.000000000000160873811193512580
0.000000000001623008391557205033
0.000000000000188756238379048754
0.000000000000954598897412923732
0.000000000000358478376491972983
0.000000000000370193153887394976
0.000000000001496877240814940441
0.000000000001348909479877130658
0.000000000000071616066862012308
0.000000000000692009282053890900
0.000000000002433275859349963691
0.000000000000952137993379394887
0.000000000000857960451504887880
0.000000000000156068889498567945
0.000000000005612492430917220997
0.000000000000202926854501822794
0.000000000004723117129890782646
0.000000000001758928333456250338
0.000000000006243653934310960051
0.000000000002295953103262139316
0.000000000011925412125152638842
0.000000000004852354820374071161
0.000000000020554055491760943030
0.000000000001658057822939409954
0.000000000008700222182699933015
0.000000000066431087163749201655
0.000000000036221224821178410002
0.000000000012295513290895932511
