0.000000110794138096511480279221
0.000000005699980866796813332018
0.000000001413306305206639988242
0.000000000461244093208504062194
0.000000000167218122969892591138
0.000000000321911061472412297333
0.000000000009626104638394656215
0.000000000199462872261367262136
0.000000000097194063087745770502
0.000000000057923211190394905764
0.000000000140145237854737784675
0.000000000069278750257137605359
0.000000000051904940589684132339
0.000000000103193416298324887195
0.000000000083648119318684769282
0.000000000039246319517779289266
0.000000000052300214864540551713
0.000000000075257456879678288092
0.000000000054915485581599723691
0.000000000038019711710708150236
0.000000000037966652219624283719
0.000000000051848446167686546715
0.000000000046166983330508735251
0.000000000035889998620648079973
0.000000000023770974321942509538
0.000000000024596021920639909525
0.000000000025496492068674337533
0.000000000024723892474673061907
0.000000000022786180629952971016
0.000000000019572332569633100259
0.000000000022902696953100105721
0.000000000025177294504572540749
0.000000000023948250871211853245
0.000000000021782776295272166500
0.000000000016737114182397803318
0.000000000011010176057372125218
0.000000000008019976629778740733
0.000000000005908234098568206605
0.000000000003644538628529337489
0.000000000002790542836965710759
0.000000000003626023877127846746
0.000000000004665457604846311483
0.000000000004882161963481309838
0.000000000004486098687738888073
0.000000000004179668297020199306
0.000000000004495166588150942845
0.000000000004910836595824372639
0.000000000004271607910313469036
0.000000000002511107186317900928
0.000000000001210108442799163853
0.000000000001529444451828812261
0.000000000002534309272985444752
0.000000000002291469030896982271
0.000000000001046010529951262427
0.000000000000746086068417141751
0.000000000001948880727876056994
0.000000000002641942868397908017
0.000000000001640829519598088644
0.000000000000376727409073996397
0.000000000000737725976709824560
0.000000000001740501549337391970
0.000000000001441184214904873072
0.000000000000218388782811535919
0.000000000000219512328473660336
0.000000000001207013035693038553
0.000000000001068478672609540269
0.000000000000145184460351607143
0.000000000000325291218859696011
0.000000000001161596570974587002
0.000000000000718135208429815660
0.000000000000026279740580324486
0.000000000000838355428561714468
0.000000000001001852617172348381
0.000000000000074353426311778159
0.000000000000624444403596039605
0.000000000000969847627654142478
0.000000000000168559779719396905
0.000000000000536616025597695565
0.000000000000815893996447774194
0.000000000000293753268058082506
0.000000000000403863285404252431
0.000000000001189237707409296838
0.000000000000079460708339381563
0.000000000000871323729906715231
0.000000000001365735605137677632
0.000000000004396276533297273370
0.000000000009477712911516608345
0.000000000004827366433501763360
0.000000000000127914691835942423
0.000000000018872117237757369277
0.000000000019899884392852130313
0.000000000009820487838669574271
0.000000000004968477076232729109
0.000000000019024943557389125191
0.000000000003821949837655787224
0.000000000003399725985883337491
0.000000000022772586034605866026
0.000000000101057129024980132126
0.000000000007057719553471074905
