0.000000000070242030569235870726
0.000000000066883913201200978737
0.000000000057584113350338266183
0.000000000044425873701981745135
0.000000000030168157777204576578
0.000000000017448474186068779087
0.000000000008097045072834571313
0.000000000002777281460679656677
0.000000000001030650577802125200
0.000000000001652039287273310193
0.000000000003216356929867917193
0.000000000004553797255180773814
0.000000000005026867214453376487
0.000000000004562117635559959956
0.000000000003486593176512934954
0.000000000002276418934814964361
0.000000000001329297408873493904
0.000000000000834810625044920402
0.000000000000761226709083983984
0.000000000000930272116246291948
0.000000000001127361775228099870
0.000000000001196253607899126863
0.000000000001086288245571478977
0.000000000000845756679043441721
0.000000000000576410751421098103
0.000000000000375629478100475577
0.000000000000292541018830739892
0.000000000000314363897274612967
0.000000000000384030612192961685
0.000000000000436069349326388020
0.000000000000430689855698391775
0.000000000000369101146654588747
0.000000000000284545003629385927
0.000000000000217169850551937336
0.000000000000189114187672388456
0.000000000000194422832320403885
0.000000000000208048254347172162
0.000000000000205891699449312122
0.000000000000181474947247406906
0.000000000000148290396993327666
0.000000000000127454905819490490
0.000000000000130543332239198149
0.000000000000150352084129363181
0.000000000000166090350257991597
0.000000000000158828764719691371
0.000000000000125689220964375017
0.000000000000082417982535896867
0.000000000000052592699780295056
0.000000000000051364973416838535
0.000000000000075337653136389630
0.000000000000105439558835256056
0.000000000000120208761163426801
0.000000000000109735553514295299
0.000000000000080694585676521504
0.000000000000049873343828874793
0.000000000000031903104912077178
0.000000000000030393990926173472
0.000000000000038180864347005091
0.000000000000045061808720027038
0.000000000000046063547128100693
0.000000000000043780963373597148
0.000000000000043811898160392926
0.000000000000048049199443952528
0.000000000000052001261681279311
0.000000000000048514620895303587
0.000000000000034632286296491584
0.000000000000015561566159669806
0.000000000000002060815598388848
0.000000000000002976033678544709
0.000000000000018676111585704899
0.000000000000040489730202951044
0.000000000000056529544408758237
0.000000000000059377493376784289
0.000000000000049932696328236417
0.000000000000035078277319299550
0.000000000000021790810480175626
0.000000000000012778211671360490
0.000000000000006810801926637513
0.000000000000002479364050858893
0.000000000000001131602168132011
0.000000000000005819850446160772
0.000000000000017229644305619328
0.000000000000030952895673886397
0.000000000000039833415046524192
0.000000000000040655058514984827
0.000000000000039926787163105914
0.000000000000053176894006753663
0.000000000000096951837257772957
0.000000000000179082266832507722
0.000000000000295283213608237709
0.000000000000435953690050530522
0.000000000000598673298115078334
0.000000000000795829005904914511
0.000000000001048549558441635588
0.000000000001367576223766747172
0.000000000001732541124833092532
0.000000000002085106377521836717
0.000000000002344547292089819020
0.000000000002440353236000426207
