0.000000096261130094829572875167
0.000000009526438363853305254403
0.000000000875422629304479030100
0.000000000837860851374979424110
0.000000000001671985711076642266
0.000000000223216422605324356873
0.000000000044224610791637219527
0.000000000132350744660617382378
0.000000000047377465810310198540
0.000000000097296034029542821066
0.000000000128071847856956752694
0.000000000032872692966013231797
0.000000000073872859529868586018
0.000000000084218801062409982687
0.000000000043986013324346023051
0.000000000065276734599531300510
0.000000000064053917527597928681
0.000000000032870694731564865478
0.000000000039575027765115867375
0.000000000054056914276593565243
0.000000000046391862546458023977
0.000000000028039603863638805968
0.000000000034758046695518811860
0.000000000038548019368621264568
0.000000000032317760643142487924
0.000000000019312730336190975812
0.000000000021733990609323009210
0.000000000024718426490277573656
0.000000000024399050549764535281
0.000000000017249179670000860489
0.000000000012898545598370056041
0.000000000014747451430433257242
0.000000000014735045594725707581
0.000000000014704829144143964324
0.000000000013315595662096223426
0.000000000010563856172984885435
0.000000000008900688153298112339
0.000000000006769798891775095039
0.000000000005757471225668833286
0.000000000007329957797652080489
0.000000000008484522365504709776
0.000000000007550318370671785072
0.000000000006407169739563880556
0.000000000005554764665335365030
0.000000000003680275007671210889
0.000000000001352586624828714105
0.000000000000772499499326316325
0.000000000002270238100881862927
0.000000000003121832809832936096
0.000000000002136716781553421165
0.000000000001362084722778185493
0.000000000001856271532548425570
0.000000000001761190146661894843
0.000000000000491143553076435548
0.000000000000042278278491113237
0.000000000000669665814301789831
0.000000000000478462623369799036
0.000000000000004997316328891229
0.000000000000546301268249717722
0.000000000000804973040439841487
0.000000000000104169341853631016
0.000000000000242175163726927880
0.000000000000645751521529863252
0.000000000000121903713463922229
0.000000000000300249567052949320
0.000000000000749295542600912036
0.000000000000182133482359759417
0.000000000000254119722908116599
0.000000000000635125244269899294
0.000000000000239934960926230275
0.000000000000369575197539270643
0.000000000000348998953743560380
0.000000000000252384364020557819
0.000000000000740590934639596127
0.000000000000280206705175508935
0.000000000000306703258885202609
0.000000000000795974610711716827
0.000000000000321032333984982100
0.000000000000267432549151144125
0.000000000000592283198977575083
0.000000000000701856962613192744
0.000000000000110017014511113497
0.000000000000729869794328712380
0.000000000001039650432840998468
0.000000000001362809684722272116
0.000000000006085773698672747452
0.000000000001473535484114160345
0.000000000002615367276517213664
0.000000000003597067878196883557
0.000000000000395658525330928547
0.000000000008275684322458857745
0.000000000030892181747839181636
0.000000000002091740950957290987
0.000000000028709261841272038349
0.000000000011657561103180789847
0.000000000000084280481892301551
0.000000000004067651703841204734
0.000000000146829241360652446542
0.000000000000260922860500339942
