0.000000000000025276450153489448
0.000000000000025220428175775051
0.000000000000025053004066664824
0.000000000000024776092607727349
0.000000000000024392849694334987
0.000000000000023907620016403894
0.000000000000023325865373566236
0.000000000000022654075138404915
0.000000000000021899660746216787
0.000000000000021070836406729851
0.000000000000020176488494685678
0.000000000000019226036276262211
0.000000000000018229286762821933
0.000000000000017196286550196862
0.000000000000016137173500370587
0.000000000000015062031054604461
0.000000000000013980747836194120
0.000000000000012902885012217730
0.000000000000011837553643381236
0.000000000000010793303967133764
0.000000000000009778028240313861
0.000000000000008798878423042052
0.000000000000007862199625089149
0.000000000000006973479869262390
0.000000000000006137316362949343
0.000000000000005357398117817325
0.000000000000004636504426994391
0.000000000000003976518406107174
0.000000000000003378454535440608
0.000000000000002842498910088915
0.000000000000002368060716839043
0.000000000000001953833312872126
0.000000000000001597863183060521
0.000000000000001297624999278930
0.000000000000001050100995160642
0.000000000000000851862900481924
0.000000000000000699154747311221
0.000000000000000587974960937412
0.000000000000000514156277553496
0.000000000000000473442182497540
0.000000000000000461558732118388
0.000000000000000474280803584680
0.000000000000000507492004863649
0.000000000000000557237666599595
0.000000000000000619770524046756
0.000000000000000691588876369204
0.000000000000000769467178882867
0.000000000000000850479178164042
0.000000000000000932013838005275
0.000000000000001011784424227155
0.000000000000001087831217246994
0.000000000000001158518402553584
0.000000000000001222525750883599
0.000000000000001278835742475599
0.000000000000001326716814254324
0.000000000000001365703416488409
0.000000000000001395573557966199
0.000000000000001416324497849907
0.000000000000001428147210034411
0.000000000000001431400204055374
0.000000000000001426583237367847
0.000000000000001414311399106253
0.000000000000001395289987096963
0.000000000000001370290539648521
0.000000000000001340128323049170
0.000000000000001305641516129354
0.000000000000001267672275871862
0.000000000000001227049813844173
0.000000000000001184575562953363
0.000000000000001141010468254532
0.000000000000001097064394665385
0.000000000000001053387608669090
0.000000000000001010564260490152
0.000000000000000969107767737065
0.000000000000000929457980943212
0.000000000000000891979995535644
0.000000000000000856964463182043
0.000000000000000824629247820491
0.000000000000000795122267543509
0.000000000000000768525362449003
0.000000000000000744859030146158
0.000000000000000724087874382873
0.000000000000000706126617831859
0.000000000000000690846537050565
0.000000000000000678082185664443
0.000000000000000667638280599068
0.000000000000000659296635428709
0.000000000000000652823034381423
0.000000000000000647973950047143
0.000000000000000644503017217179
0.000000000000000642167184418318
0.000000000000000640732473502620
0.000000000000000639979286055269
0.000000000000000639707203354344
0.000000000000000639739234147974
0.000000000000000639925471616270
0.000000000000000640146127584245
0.000000000000000640313918388411
0.000000000000000640375782825604
