0.000000004492895085532394938070
0.000000002713490121058066182571
0.000000000406517977255528935921
0.000000000046487574655557936248
0.000000000110632047527649900872
0.000000000019092816902756695362
0.000000000041942653230176336587
0.000000000033890681559824430220
0.000000000010085572892010992170
0.000000000004598184926728383911
0.000000000020157859861244507668
0.000000000029234978103399854500
0.000000000014492815387577853729
0.000000000015845859025822856025
0.000000000018855053699665338631
0.000000000007405347568517692863
0.000000000006808739187786071874
0.000000000014390135315436387810
0.000000000008135022447942728717
0.000000000008063224670367383381
0.000000000015577619105568678337
0.000000000006533036706955118679
0.000000000011405367951192438133
0.000000000012172481017650018848
0.000000000004071304208941169150
0.000000000010416725875724555918
0.000000000005064106652121908508
0.000000000004331751227437293224
0.000000000006053290809465168454
0.000000000001636823048223281708
0.000000000004626454827916924698
0.000000000002299647542289374124
0.000000000001987142801980049004
0.000000000003158548260470439578
0.000000000001054693225617852083
0.000000000002848689335555576335
0.000000000001181456357287436771
0.000000000002186163469750484876
0.000000000001990206957432297487
0.000000000001043590661749814209
0.000000000002736272010221717161
0.000000000000693614869016718586
0.000000000002122824829867957899
0.000000000001327547722317393125
0.000000000001189823029765921261
0.000000000001480443463565409114
0.000000000000982175125825730597
0.000000000001253314320014003170
0.000000000000734411628876498765
0.000000000001462307784097198671
0.000000000000358667609433947331
0.000000000001384520788595442486
0.000000000000695355328724218447
0.000000000000584290686820132076
0.000000000001033512549625793026
0.000000000000327051708748264104
0.000000000000520725903783917517
0.000000000000553534022783708455
0.000000000000481600668717463458
0.000000000000201679765238156618
0.000000000001016436491547732648
0.000000000000090939444004914667
0.000000000000600042484096278560
0.000000000000434509306573064907
0.000000000000150832501320980633
0.000000000000176964920308464337
0.000000000000433907042987077120
0.000000000000391808110979914810
0.000000000000229953210282689388
0.000000000001037707052934596032
0.000000000000044553537542566190
0.000000000000498993456448992628
0.000000000000102219072856655153
0.000000000000461244883394834246
0.000000000000072051408653380209
0.000000000000992642460551745206
0.000000000000948756384273793888
0.000000000000210240930560072908
0.000000000000864742173557792278
0.000000000000064101447478345157
0.000000000001194507126369973746
0.000000000000250523159150608461
0.000000000001362994252554308550
0.000000000001833232520600547519
0.000000000000111818336485740326
0.000000000000793074622803841448
0.000000000001584951836783033204
0.000000000000157167558044971785
0.000000000003193243504294341102
0.000000000003227270120887772066
0.000000000000084845081903904727
0.000000000000932848150509466265
0.000000000004424856907459019604
0.000000000008951311862767350204
0.000000000000697040877203086435
0.000000000010710633739986513514
0.000000000013419285909684128488
0.000000000001441497746538924432
0.000000000005144070454390949512
