0.000000000000000028532830380195
0.000000000000000028502314971233
0.000000000000000028410904797715
0.000000000000000028259007339543
0.000000000000000028047299466638
0.000000000000000027776724058143
0.000000000000000027448485297435
0.000000000000000027064042670761
0.000000000000000026625103704965
0.000000000000000026133615487099
0.000000000000000025591755015745
0.000000000000000025001918440512
0.000000000000000024366709252475
0.000000000000000023688925494058
0.000000000000000022971546062221
0.000000000000000022217716183544
0.000000000000000021430732144057
0.000000000000000020614025360271
0.000000000000000019771145880906
0.000000000000000018905745411255
0.000000000000000018021559953862
0.000000000000000017122392160411
0.000000000000000016212093490218
0.000000000000000015294546270631
0.000000000000000014373645753976
0.000000000000000013453282264346
0.000000000000000012537323525701
0.000000000000000011629597260315
0.000000000000000010733874143659
0.000000000000000009853851198418
0.000000000000000008993135706428
0.000000000000000008155229713062
0.000000000000000007343515193901
0.000000000000000006561239948581
0.000000000000000005811504281383
0.000000000000000005097248522643
0.000000000000000004421241439350
0.000000000000000003786069577431
0.000000000000000003194127572257
0.000000000000000002647609457891
0.000000000000000002148500999563
0.000000000000000001698573067844
0.000000000000000001299376067062
0.000000000000000000952235424661
0.000000000000000000658248142540
0.000000000000000000418280405864
0.000000000000000000232966239596
0.000000000000000000102707197878
0.000000000000000000027673066636
0.000000000000000000007803555244
0.000000000000000000042810948886
0.000000000000000000132183689358
0.000000000000000000275190848477
0.000000000000000000470887455065
0.000000000000000000718120633592
0.000000000000000001015536510023
0.000000000000000001361587838246
0.000000000000000001754542298633
0.000000000000000002192491418773
0.000000000000000002673360065284
0.000000000000000003194916454744
0.000000000000000003754782631276
0.000000000000000004350445358091
0.000000000000000004979267370339
0.000000000000000005638498936919
0.000000000000000006325289679509
0.000000000000000007036700597802
0.000000000000000007769716250985
0.000000000000000008521257046652
0.000000000000000009288191589714
0.000000000000000010067349045344
0.000000000000000010855531471656
0.000000000000000011649526079512
0.000000000000000012446117378697
0.000000000000000013242099171584
0.000000000000000014034286357344
0.000000000000000014819526511736
0.000000000000000015594711209484
0.000000000000000016356787058272
0.000000000000000017102766415325
0.000000000000000017829737759525
0.000000000000000018534875693915
0.000000000000000019215450555334
0.000000000000000019868837609702
0.000000000000000020492525813279
0.000000000000000021084126121867
0.000000000000000021641379331546
0.000000000000000022162163436099
0.000000000000000022644500487695
0.000000000000000023086562948815
0.000000000000000023486679524694
0.000000000000000023843340466784
0.000000000000000024155202338883
0.000000000000000024421092238684
0.000000000000000024640011468486
0.000000000000000024811138649798
0.000000000000000024933832277443
0.000000000000000025007632709663
0.000000000000000025032263591514
