0.000000000000000004830651048200
0.000000000000000004825577093732
0.000000000000000004810377047520
0.000000000000000004785116260726
0.000000000000000004749903317776
0.000000000000000004704889536905
0.000000000000000004650268274531
0.000000000000000004586274037048
0.000000000000000004513181404614
0.000000000000000004431303772455
0.000000000000000004340991916159
0.000000000000000004242632388283
0.000000000000000004136645754472
0.000000000000000004023484678059
0.000000000000000003903631862847
0.000000000000000003777597864484
0.000000000000000003645918781417
0.000000000000000003509153836993
0.000000000000000003367882864748
0.000000000000000003222703709340
0.000000000000000003074229555917
0.000000000000000002923086200992
0.000000000000000002769909278071
0.000000000000000002615341451430
0.000000000000000002460029591446
0.000000000000000002304621944888
0.000000000000000002149765313462
0.000000000000000001996102253731
0.000000000000000001844268311299
0.000000000000000001694889301853
0.000000000000000001548578651250
0.000000000000000001405934806470
0.000000000000000001267538728722
0.000000000000000001133951479478
0.000000000000000001005711909627
0.000000000000000000883334461316
0.000000000000000000767307091368
0.000000000000000000658089324482
0.000000000000000000556110443692
0.000000000000000000461767824787
0.000000000000000000375425420657
0.000000000000000000297412400709
0.000000000000000000228021949714
0.000000000000000000167510229647
0.000000000000000000116095507267
0.000000000000000000073957449386
0.000000000000000000041236586998
0.000000000000000000018033948627
0.000000000000000000004410862531
0.000000000000000000000388926609
0.000000000000000000005950144180
0.000000000000000000021037223069
0.000000000000000000045554034794
0.000000000000000000079366229997
0.000000000000000000122302005684
0.000000000000000000174153019230
0.000000000000000000234675443626
0.000000000000000000303591157919
0.000000000000000000380589066363
0.000000000000000000465326539382
0.000000000000000000557430969077
0.000000000000000000656501431696
0.000000000000000000762110449165
0.000000000000000000873805841573
0.000000000000000000991112662267
0.000000000000000001113535207065
0.000000000000000001240559088955
0.000000000000000001371653369573
0.000000000000000001506272738674
0.000000000000000001643859732831
0.000000000000000001783846984563
0.000000000000000001925659493189
0.000000000000000002068716908737
0.000000000000000002212435820377
0.000000000000000002356232040963
0.000000000000000002499522879421
0.000000000000000002641729392921
0.000000000000000002782278610946
0.000000000000000002920605723608
0.000000000000000003056156226808
0.000000000000000003188388017066
0.000000000000000003316773429143
0.000000000000000003440801209839
0.000000000000000003559978421668
0.000000000000000003673832270384
0.000000000000000003781911850682
0.000000000000000003883789804687
0.000000000000000003979063888186
0.000000000000000004067358439891
0.000000000000000004148325749363
0.000000000000000004221647319542
0.000000000000000004287035020213
0.000000000000000004344232129052
0.000000000000000004393014257255
0.000000000000000004433190157107
0.000000000000000004464602409204
0.000000000000000004487127987364
0.000000000000000004500678699660
0.000000000000000004505201504328
