0.000000000000000004542073055194
0.000000000000000004537304348707
0.000000000000000004523018715341
0.000000000000000004499277519296
0.000000000000000004466182721128
0.000000000000000004423876409758
0.000000000000000004372540150670
0.000000000000000004312394153634
0.000000000000000004243696264224
0.000000000000000004166740784298
0.000000000000000004081857127460
0.000000000000000003989408316377
0.000000000000000003889789329571
0.000000000000000003783425306076
0.000000000000000003670769617033
0.000000000000000003552301813924
0.000000000000000003428525463720
0.000000000000000003299965881760
0.000000000000000003167167773598
0.000000000000000003030692797465
0.000000000000000002891117059313
0.000000000000000002749028552655
0.000000000000000002605024555598
0.000000000000000002459708997589
0.000000000000000002313689808438
0.000000000000000002167576262155
0.000000000000000002021976328046
0.000000000000000001877494041383
0.000000000000000001734726905692
0.000000000000000001594263338495
0.000000000000000001456680171928
0.000000000000000001322540219324
0.000000000000000001192389918362
0.000000000000000001066757060907
0.000000000000000000946148619127
0.000000000000000000831048676873
0.000000000000000000721916474714
0.000000000000000000619184576348
0.000000000000000000523257163449
0.000000000000000000434508465286
0.000000000000000000353281328756
0.000000000000000000279885933717
0.000000000000000000214598657766
0.000000000000000000157661093862
0.000000000000000000109279223445
0.000000000000000000069622746930
0.000000000000000000038824572747
0.000000000000000000016980465339
0.000000000000000000004148851821
0.000000000000000000000350786310
0.000000000000000000005570070257
0.000000000000000000019753526436
0.000000000000000000042811423658
0.000000000000000000074618048634
0.000000000000000000115012420881
0.000000000000000000163799146001
0.000000000000000000220749402186
0.000000000000000000285602054313
0.000000000000000000358064889603
0.000000000000000000437815968370
0.000000000000000000524505083099
0.000000000000000000617755318729
0.000000000000000000717164706764
0.000000000000000000822307965596
0.000000000000000000932738319221
0.000000000000000001047989386359
0.000000000000000001167577131887
0.000000000000000001291001872374
0.000000000000000001417750327467
0.000000000000000001547297708857
0.000000000000000001679109838542
0.000000000000000001812645288171
0.000000000000000001947357531286
0.000000000000000002082697100410
0.000000000000000002218113741014
0.000000000000000002353058554558
0.000000000000000002486986122972
0.000000000000000002619356607104
0.000000000000000002749637811898
0.000000000000000002877307211253
0.000000000000000003001853925791
0.000000000000000003122780646974
0.000000000000000003239605501302
0.000000000000000003351863848590
0.000000000000000003459110008613
0.000000000000000003560918910682
0.000000000000000003656887661064
0.000000000000000003746637023399
0.000000000000000003829812807660
0.000000000000000003906087163445
0.000000000000000003975159773782
0.000000000000000004036758945899
0.000000000000000004090642595784
0.000000000000000004136599123661
0.000000000000000004174448177854
0.000000000000000004204041304855
0.000000000000000004225262483735
0.000000000000000004238028543366
0.000000000000000004242289461287
