0.000000041159044088462220774369
0.000000010924610523241422847065
0.000000000155785539780979088141
0.000000000054014297053483684163
0.000000000260635803741476511594
0.000000000092413545633549888714
0.000000000076373455083702497802
0.000000000010018712564393722671
0.000000000124524910795810334660
0.000000000030752383429476151198
0.000000000073566063436326702891
0.000000000015719888170436689456
0.000000000062647488950032800726
0.000000000026360531091356847527
0.000000000063635317771900795206
0.000000000030069607767803053561
0.000000000037267232145232064059
0.000000000026995995207647868530
0.000000000023065885670666728638
0.000000000031626246137125332274
0.000000000016773245806106780670
0.000000000033670709655732302897
0.000000000019838849355668874781
0.000000000021512890429438973349
0.000000000024855240522783152849
0.000000000013078275527788722031
0.000000000018941804683979763072
0.000000000014781236878432357220
0.000000000010520493520579219804
0.000000000012675806715552909582
0.000000000010762101552036925837
0.000000000007655138970531777376
0.000000000009290949768841274388
0.000000000008144199245730960787
0.000000000006277228534485013773
0.000000000005668949760045902804
0.000000000007666024675661343377
0.000000000004007975663919387782
0.000000000004230914825319051955
0.000000000005589411242085386886
0.000000000003349046629496388437
0.000000000002595411486510571823
0.000000000003473577732864938002
0.000000000003375895000778516831
0.000000000001301076764335509432
0.000000000002172144351357342153
0.000000000003278726275021470724
0.000000000000712869982231897779
0.000000000001528643107257837397
0.000000000001962746117259952340
0.000000000000604823656427101906
0.000000000000956094924894278234
0.000000000000548787892962229841
0.000000000001305904277118680526
0.000000000000393621443989148213
0.000000000000560796779228413147
0.000000000001133777996433262729
0.000000000000071775373922064491
0.000000000000662109046536101466
0.000000000000044954002074426987
0.000000000000796612772262424217
0.000000000000206158478576937612
0.000000000000433752933542772770
0.000000000000327570139826370767
0.000000000000217252222467620841
0.000000000000370629264859895079
0.000000000000256755151105054820
0.000000000000637915458591191819
0.000000000000031823267006623121
0.000000000000307290729135553602
0.000000000000163964356395027224
0.000000000000685405411541385095
0.000000000000150124374508631766
0.000000000000367400840336751801
0.000000000000097947357499544860
0.000000000000525809146098443578
0.000000000000398271879563747240
0.000000000000480185369033418966
0.000000000000110536254277440974
0.000000000000250396547597527724
0.000000000001234215329364421696
0.000000000000108985522195806507
0.000000000000141770000126228686
0.000000000002122227544579319580
0.000000000000165731678736856877
0.000000000002739121714609499105
0.000000000004194537178295687088
0.000000000000165625100694946568
0.000000000003050587517979526305
0.000000000000196101211379961666
0.000000000009417281167619564902
0.000000000006157424554251581557
0.000000000012542769960320650765
0.000000000001342214655698373783
0.000000000000098111114133612249
0.000000000031016028807787202666
0.000000000014308282370305071330
0.000000000037634023708228866785
0.000000000000948134654692569138
