0.000000000000000749509363958500
0.000000000000000748621280792487
0.000000000000000745961822879402
0.000000000000000741545330889702
0.000000000000000735395592644770
0.000000000000000727545674284337
0.000000000000000718037686110211
0.000000000000000706922485283951
0.000000000000000694259318133639
0.000000000000000680115405369718
0.000000000000000664565474015817
0.000000000000000647691240321847
0.000000000000000629580848338385
0.000000000000000610328269189033
0.000000000000000590032666377654
0.000000000000000568797732707201
0.000000000000000546731004564392
0.000000000000000523943159438778
0.000000000000000500547302595364
0.000000000000000476658248807722
0.000000000000000452391804984747
0.000000000000000427864059391118
0.000000000000000403190682972131
0.000000000000000378486248051312
0.000000000000000353863569378514
0.000000000000000329433072171541
0.000000000000000305302191421058
0.000000000000000281574806322040
0.000000000000000258350713261073
0.000000000000000235725140333434
0.000000000000000213788305892904
0.000000000000000192625023156917
0.000000000000000172314352405632
0.000000000000000152929301831626
0.000000000000000134536577622697
0.000000000000000117196383398721
0.000000000000000100962268679565
0.000000000000000085881025638968
0.000000000000000071992633002963
0.000000000000000059330245584228
0.000000000000000047920227608493
0.000000000000000037782227688208
0.000000000000000028929293033694
0.000000000000000021368020264343
0.000000000000000015098739992640
0.000000000000000010115732202082
0.000000000000000006407469326190
0.000000000000000003956883858840
0.000000000000000002741657285088
0.000000000000000002734527114774
0.000000000000000003903608826695
0.000000000000000006212729586789
0.000000000000000009621770687189
0.000000000000000014087015761538
0.000000000000000019561501962894
0.000000000000000025995371441008
0.000000000000000033336220622895
0.000000000000000041529444981425
0.000000000000000050518577168429
0.000000000000000060245616588538
0.000000000000000070651348695177
0.000000000000000081675652498008
0.000000000000000093257794979469
0.000000000000000105336711324456
0.000000000000000117851270069717
0.000000000000000130740522476240
0.000000000000000143943935617264
0.000000000000000157401608854955
0.000000000000000171054473549273
0.000000000000000184844476001878
0.000000000000000198714743785485
0.000000000000000212609735744173
0.000000000000000226475376072440
0.000000000000000240259172990030
0.000000000000000253910322625682
0.000000000000000267379798806049
0.000000000000000280620429516341
0.000000000000000293586960857111
0.000000000000000306236109367399
0.000000000000000318526603618783
0.000000000000000330419216008325
0.000000000000000341876785691500
0.000000000000000352864233599804
0.000000000000000363348570482385
0.000000000000000373298898897553
0.000000000000000382686410059092
0.000000000000000391484376414585
0.000000000000000399668140799233
0.000000000000000407215102969452
0.000000000000000414104704276636
0.000000000000000420318411193315
0.000000000000000425839698352194
0.000000000000000430654031703637
0.000000000000000434748852339621
0.000000000000000438113561472312
0.000000000000000440739506993762
0.000000000000000442619971979953
0.000000000000000443750165437944
0.000000000000000444127215529440
