0.000000040563411037884355210812
0.000000007424660673556268002693
0.000000001071613136988540735276
0.000000000051134741442662459543
0.000000000023828471245590537302
0.000000000204121293883342252119
0.000000000052913734848616065970
0.000000000075766057598061398234
0.000000000022983173387450588518
0.000000000108724311508084447775
0.000000000036509569381094944174
0.000000000052872946401292917565
0.000000000028360858687930320954
0.000000000056993653935558194974
0.000000000046671292792924938776
0.000000000040419005408044087930
0.000000000039192451277164553752
0.000000000020946255642459519646
0.000000000031916759190963117793
0.000000000022575110668362344415
0.000000000033340952085090193879
0.000000000030697511212567309014
0.000000000022795298419044927160
0.000000000032013123418351830236
0.000000000017679092636097612870
0.000000000015117913841302061313
0.000000000022064221564785909945
0.000000000008204634977840238524
0.000000000011668132916095916840
0.000000000014921694862876830029
0.000000000007477184436232285924
0.000000000008247395098305805843
0.000000000013400819408529350001
0.000000000008126863785044100491
0.000000000006244421011300865934
0.000000000009086485304563963882
0.000000000010416049127992885798
0.000000000004773883682565886992
0.000000000005213356128053017918
0.000000000008981881394040953399
0.000000000005597971562370588562
0.000000000002782269161839771273
0.000000000004660356519767130801
0.000000000005562425015214094404
0.000000000003302097654993271822
0.000000000001374624196403623931
0.000000000003578115209631869333
0.000000000004560220189324870935
0.000000000000991886756132225993
0.000000000001423657533853533815
0.000000000002923800555249238928
0.000000000001328969939696267828
0.000000000001043633992957129157
0.000000000000454223750406159263
0.000000000001535946724877057718
0.000000000001984616712765504983
0.000000000000069638945889355008
0.000000000001028952114771017082
0.000000000000658755796173207336
0.000000000000650497535173775961
0.000000000000773187897569278232
0.000000000000101700351479055782
0.000000000001382598779068128461
0.000000000000358036479281204872
0.000000000000415740561012270356
0.000000000000120980027713063345
0.000000000000789997079949932285
0.000000000001337215478207756175
0.000000000000002694542230621205
0.000000000000290153750692200756
0.000000000000219044943982201442
0.000000000001774221204640586607
0.000000000000235388826239154572
0.000000000000226863154620739858
0.000000000000071461325107888556
0.000000000001958000641024131815
0.000000000000550469878941420809
0.000000000000136407283776311592
0.000000000000178767253939438966
0.000000000002477515253210461445
0.000000000000407129566721452544
0.000000000000018993408281880564
0.000000000001642756892487674709
0.000000000000927259628284857416
0.000000000001962205605030767346
0.000000000004292434897691577733
0.000000000000114231175874845891
0.000000000008648073277392148773
0.000000000002526262447254073772
0.000000000005322819005796197088
0.000000000000191564217372396379
0.000000000016326143502130229330
0.000000000020947329953036884705
0.000000000001531894017131440939
0.000000000003294164634293693680
0.000000000070778884648025998973
0.000000000006854929407320711404
0.000000000023147753730149393510
0.000000000041048886694594985493
