0.000000011764523671469885717606
0.000000005207519946302778328815
0.000000000047382000788148835042
0.000000000433016782109682376697
0.000000000064582898550513620360
0.000000000019176186847559163991
0.000000000042642541941428647546
0.000000000047694125409413123748
0.000000000026147451815963775458
0.000000000067710875089860299650
0.000000000017145810692189397577
0.000000000023112671421387939676
0.000000000026532158310658477189
0.000000000011322741228537333863
0.000000000032629157295999485902
0.000000000018751499644582737239
0.000000000024374091793548852961
0.000000000020639661259785571727
0.000000000015871515303439247270
0.000000000019501962027030755660
0.000000000010139108758218083901
0.000000000014648121422261023647
0.000000000009382372423519336528
0.000000000011465529806475667237
0.000000000008707621227973884655
0.000000000009212141754609540062
0.000000000009474434586810808575
0.000000000006781264287789219760
0.000000000009326162617101509832
0.000000000005782515596799507112
0.000000000008086153182230887826
0.000000000004998748529580831960
0.000000000007148729869666309020
0.000000000003974048032522799014
0.000000000006179500629515462672
0.000000000003248595892914707084
0.000000000004800825448396872729
0.000000000002957883504465644311
0.000000000003349486673581725530
0.000000000002893203271755775527
0.000000000002233960971690984384
0.000000000002790456693760218302
0.000000000001496664167057301084
0.000000000002491292113205657751
0.000000000001010764462309060197
0.000000000002005624626682685229
0.000000000000735446352492414815
0.000000000001415147058825640903
0.000000000000653692486100228384
0.000000000000843990472046634213
0.000000000000684998725284195389
0.000000000000473590762216585971
0.000000000000732454590257075171
0.000000000000371456774627572048
0.000000000000687136181247510739
0.000000000000410510298592148146
0.000000000000414903907616253786
0.000000000000400371466012895026
0.000000000000112261264771594815
0.000000000000309995928284776230
0.000000000000086920875750023160
0.000000000000215443565626708132
0.000000000000320788121426051828
0.000000000000074332524135297960
0.000000000000431893739811522271
0.000000000000015437951785848244
0.000000000000280266817197826941
0.000000000000112660994144954688
0.000000000000028898662153526629
0.000000000000255947994116335683
0.000000000000095606247704754660
0.000000000000276530941371038831
0.000000000000283354272726487668
0.000000000000053300077966548955
0.000000000000122242207803034910
0.000000000000113584043533160306
0.000000000000142908479200189115
0.000000000000470360788634934490
0.000000000000185430444854473654
0.000000000000185957515384932968
0.000000000000132614748827965238
0.000000000000028542905587743025
0.000000000001333211800893624622
0.000000000001037584331282580721
0.000000000000798900633700392025
0.000000000001034254956020576725
0.000000000003861160062922100123
0.000000000002576215446618910860
0.000000000000430768172625185361
0.000000000000275614422699772178
0.000000000001266847304827728226
0.000000000001543158389887700598
0.000000000014461775890165339762
0.000000000003333571432173985099
0.000000000009135858420774769215
0.000000000001449115040074630708
0.000000000027995681139187592607
0.000000000015432195071516558265
0.000000000008262212304899526383
