0.000000000000007104979212248003
0.000000000000007093412757447550
0.000000000000007058809312543442
0.000000000000007001455487210001
0.000000000000006921825152631849
0.000000000000006820573786004764
0.000000000000006698530675444915
0.000000000000006556689105115549
0.000000000000006396194670684130
0.000000000000006218331902704716
0.000000000000006024509399685081
0.000000000000005816243693024677
0.000000000000005595142082361084
0.000000000000005362884691888826
0.000000000000005121206005760905
0.000000000000004871876143689488
0.000000000000004616682136362175
0.000000000000004357409454411156
0.000000000000004095824034627555
0.000000000000003833655033196004
0.000000000000003572578518300206
0.000000000000003314202293944877
0.000000000000003060052023728968
0.000000000000002811558798103619
0.000000000000002570048261893720
0.000000000000002336731391105817
0.000000000000002112696979837224
0.000000000000001898905869979629
0.000000000000001696186928889018
0.000000000000001505234753752198
0.000000000000001326609056455544
0.000000000000001160735659739719
0.000000000000001007909014635037
0.000000000000000868296130884490
0.000000000000000741941796480715
0.000000000000000628774949710137
0.000000000000000528616057289054
0.000000000000000441185345307433
0.000000000000000366111725722831
0.000000000000000302942259971240
0.000000000000000251152002737009
0.000000000000000210154072861149
0.000000000000000179309804541255
0.000000000000000157938840133372
0.000000000000000145329035731534
0.000000000000000140746061985284
0.000000000000000143442595023273
0.000000000000000152667005585531
0.000000000000000167671468237623
0.000000000000000187719426567243
0.000000000000000212092364284904
0.000000000000000240095845922355
0.000000000000000271064804126180
0.000000000000000304368063186656
0.000000000000000339412100258297
0.000000000000000375644056582393
0.000000000000000412554020806044
0.000000000000000449676615128383
0.000000000000000486591922442003
0.000000000000000522925798851801
0.000000000000000558349620944172
0.000000000000000592579520968882
0.000000000000000625375165725447
0.000000000000000656538136474078
0.000000000000000685909967690888
0.000000000000000713369902042323
0.000000000000000738832417657571
0.000000000000000762244581729157
0.000000000000000783583281773673
0.000000000000000802852382640904
0.000000000000000820079853673888
0.000000000000000835314906395808
0.000000000000000848625178829097
0.000000000000000860093998129409
0.000000000000000869817748727610
0.000000000000000877903368694717
0.000000000000000884465992648364
0.000000000000000889626755266975
0.000000000000000893510765423657
0.000000000000000896245257141506
0.000000000000000897957920043352
0.000000000000000898775408751771
0.000000000000000898822027812068
0.000000000000000898218586177401
0.000000000000000897081413120471
0.000000000000000895521525623701
0.000000000000000893643935847697
0.000000000000000891547086179609
0.000000000000000889322398608338
0.000000000000000887053924748452
0.000000000000000884818082722332
0.000000000000000882683467291187
0.000000000000000880710720078898
0.000000000000000878952447435312
0.000000000000000877453174413528
0.000000000000000876249324463803
0.000000000000000875369215749255
0.000000000000000874833066439294
0.000000000000000874653002908933
