0.000000000000001454691383787402
0.000000000000001452868676104254
0.000000000000001447411326109093
0.000000000000001438351565451437
0.000000000000001425742822775428
0.000000000000001409659290837363
0.000000000000001390195326974672
0.000000000000001367464693324718
0.000000000000001341599644870384
0.000000000000001312749874959237
0.000000000000001281081329383732
0.000000000000001246774901403079
0.000000000000001210025021217064
0.000000000000001171038154355056
0.000000000000001130031224209113
0.000000000000001087229974510999
0.000000000000001042867287924525
0.000000000000000997181477095510
0.000000000000000950414564473380
0.000000000000000902810566995425
0.000000000000000854613801314485
0.000000000000000806067224662929
0.000000000000000757410825692957
0.000000000000000708880078729390
0.000000000000000660704473832939
0.000000000000000613106133916829
0.000000000000000566298528906754
0.000000000000000520485295603071
0.000000000000000475859170515195
0.000000000000000432601041511704
0.000000000000000390879122685822
0.000000000000000350848255394448
0.000000000000000312649337008555
0.000000000000000276408877531381
0.000000000000000242238682914823
0.000000000000000210235662648813
0.000000000000000180481758026381
0.000000000000000153043986410105
0.000000000000000127974595853148
0.000000000000000105311323567719
0.000000000000000085077750991032
0.000000000000000067283747577366
0.000000000000000051925994946173
0.000000000000000038988582640319
0.000000000000000028443666493407
0.000000000000000020252180467302
0.000000000000000014364592795410
0.000000000000000010721697347723
0.000000000000000009255431312742
0.000000000000000009889710560780
0.000000000000000012541274403843
0.000000000000000017120531889617
0.000000000000000023532402251128
0.000000000000000031677142669223
0.000000000000000041451157081947
0.000000000000000052747780383155
0.000000000000000065458032982512
0.000000000000000079471341341095
0.000000000000000094676220742216
0.000000000000000110960917197728
0.000000000000000128214006018344
0.000000000000000146324945185707
0.000000000000000165184582248076
0.000000000000000184685614015407
0.000000000000000204722998849067
0.000000000000000225194321822774
0.000000000000000246000113472171
0.000000000000000267044123248571
0.000000000000000288233549146933
0.000000000000000309479225288447
0.000000000000000330695769504444
0.000000000000000351801693191558
0.000000000000000372719475889265
0.000000000000000393375607172031
0.000000000000000413700598551283
0.000000000000000433628968149770
0.000000000000000453099200945263
0.000000000000000472053687384756
0.000000000000000490438643147415
0.000000000000000508204012787416
0.000000000000000525303359919573
0.000000000000000541693746524303
0.000000000000000557335603846803
0.000000000000000572192597251183
0.000000000000000586231487266241
0.000000000000000599421988928012
0.000000000000000611736631387376
0.000000000000000623150619610864
0.000000000000000633641699861003
0.000000000000000643190030500681
0.000000000000000651778059525260
0.000000000000000659390410087476
0.000000000000000666013775144389
0.000000000000000671636822223167
0.000000000000000676250109173665
0.000000000000000679846011650713
0.000000000000000682418662947519
0.000000000000000683963906683538
0.000000000000000684479262734998
