0.000000018507788972658294212591
0.000000006141929187221497444546
0.000000000068790720023724022557
0.000000000452250292362648856244
0.000000000001573013697111276178
0.000000000030767258446127275900
0.000000000103242155300616712131
0.000000000028941982999944113558
0.000000000070888693357326335902
0.000000000015010021760337492294
0.000000000033983221830585417241
0.000000000043963615369243378484
0.000000000032602099540017947405
0.000000000040511928346087023002
0.000000000018484142283460950724
0.000000000026283031863354452131
0.000000000014741477636346767406
0.000000000026874983869691402489
0.000000000020722932333897063551
0.000000000025331421623793615689
0.000000000019415921553982883148
0.000000000021410084609387237186
0.000000000014071599047225634808
0.000000000015328230640635745142
0.000000000010150101372887640546
0.000000000012031259420361307079
0.000000000006781815724661138102
0.000000000012157303937711963172
0.000000000004843507210117268516
0.000000000012123694327127637868
0.000000000004826449757741086716
0.000000000009844527778319402073
0.000000000006546556562072848416
0.000000000006208548821538727717
0.000000000008371946738520833591
0.000000000003698757973051428570
0.000000000007768720563887729937
0.000000000003919903232547847932
0.000000000004691203958115197472
0.000000000005488964279149152607
0.000000000002058064532329760907
0.000000000005461652126604462476
0.000000000001907484252945471715
0.000000000003299199949593041971
0.000000000002930030042231880442
0.000000000001392162599312320170
0.000000000002660992303843474187
0.000000000001388811119242301768
0.000000000001124093014248682869
0.000000000002229638848732014841
0.000000000000341665067686514352
0.000000000002115781658074373947
0.000000000000816976807383761185
0.000000000001012643935805504426
0.000000000001095720404344931087
0.000000000000370194339565786231
0.000000000000530986978452191750
0.000000000000816910031065859233
0.000000000000058890252196707876
0.000000000001235441338176766218
0.000000000000211067199838411729
0.000000000000780160652683126471
0.000000000000259012185213636360
0.000000000000339522714687886664
0.000000000000105071925053046416
0.000000000000872243832200508191
0.000000000000098887386677557995
0.000000000001001185402873939143
0.000000000000008843205978418464
0.000000000000146857333648426611
0.000000000000590255360997743779
0.000000000000231500059702650620
0.000000000001049027194804003008
0.000000000000201771944708492247
0.000000000000154180558219997523
0.000000000000392956192097816736
0.000000000000685971053838068721
0.000000000000878098957984738571
0.000000000000413768346249816972
0.000000000000023484186143957531
0.000000000000617455825616616890
0.000000000001175294608385413166
0.000000000000605042196433745764
0.000000000000448982413850178278
0.000000000002847172343455149910
0.000000000000083798554035769959
0.000000000007428879390836404119
0.000000000001007340797705906341
0.000000000003924648238662002600
0.000000000002117664370017637712
0.000000000000287116826787527638
0.000000000010846412443518482752
0.000000000007237446601294010250
0.000000000020945848740510899598
0.000000000003869355148369678319
0.000000000000476312935050990833
0.000000000065628724904141442383
0.000000000023678237884910448367
0.000000000005316164494624366467
