0.000000000000000016476627363589
0.000000000000000016459125817483
0.000000000000000016406698151868
0.000000000000000016319574911575
0.000000000000000016198139095839
0.000000000000000016042924302448
0.000000000000000015854612144244
0.000000000000000015634028952526
0.000000000000000015382141785933
0.000000000000000015100053767199
0.000000000000000014788998773905
0.000000000000000014450335512867
0.000000000000000014085541011118
0.000000000000000013696203559540
0.000000000000000013284015148058
0.000000000000000012850763433888
0.000000000000000012398323286652
0.000000000000000011928647956172
0.000000000000000011443759910521
0.000000000000000010945741393252
0.000000000000000010436724749876
0.000000000000000009918882574409
0.000000000000000009394417727265
0.000000000000000008865553275911
0.000000000000000008334522409525
0.000000000000000007803558378422
0.000000000000000007274884508205
0.000000000000000006750704337571
0.000000000000000006233191927320
0.000000000000000005724482386520
0.000000000000000005226662659959
0.000000000000000004741762618897
0.000000000000000004271746494891
0.000000000000000003818504693971
0.000000000000000003383846025817
0.000000000000000002969490379821
0.000000000000000002577061876996
0.000000000000000002208082523713
0.000000000000000001863966390151
0.000000000000000001546014333235
0.000000000000000001255409280639
0.000000000000000000993212089287
0.000000000000000000760357988595
0.000000000000000000557653615571
0.000000000000000000385774645782
0.000000000000000000245264021213
0.000000000000000000136530773051
0.000000000000000000059849434643
0.000000000000000000015360037107
0.000000000000000000003068677508
0.000000000000000000022848647026
0.000000000000000000074442104254
0.000000000000000000157462276588
0.000000000000000000271396170686
0.000000000000000000415607771148
0.000000000000000000589341704916
0.000000000000000000791727347403
0.000000000000000001021783345090
0.000000000000000001278422528146
0.000000000000000001560457185733
0.000000000000000001866604675831
0.000000000000000002195493340811
0.000000000000000002545668699536
0.000000000000000002915599886472
0.000000000000000003303686308111
0.000000000000000003708264487044
0.000000000000000004127615064104
0.000000000000000004559969929270
0.000000000000000005003519452392
0.000000000000000005456419785248
0.000000000000000005916800207034
0.000000000000000006382770486037
0.000000000000000006852428230977
0.000000000000000007323866206311
0.000000000000000007795179586655
0.000000000000000008264473126397
0.000000000000000008729868221529
0.000000000000000009189509841722
0.000000000000000009641573311675
0.000000000000000010084270921811
0.000000000000000010515858349442
0.000000000000000010934640872562
0.000000000000000011338979359482
0.000000000000000011727296018578
0.000000000000000012098079893426
0.000000000000000012449892089646
0.000000000000000012781370720750
0.000000000000000013091235561287
0.000000000000000013378292396519
0.000000000000000013641437058799
0.000000000000000013879659141738
0.000000000000000014092045384102
0.000000000000000014277782716268
0.000000000000000014436160962869
0.000000000000000014566575196099
0.000000000000000014668527734891
0.000000000000000014741629786002
0.000000000000000014785602723745
0.000000000000000014800279005858
