0.000000000791416591113599087385
0.000000000673222010216849778825
0.000000000405346573075418302668
0.000000000158992202146189700586
0.000000000032729472596655055046
0.000000000004064970428679347871
0.000000000006443993176636660555
0.000000000006387106659049934603
0.000000000004966268588784468506
0.000000000005788535892377304419
0.000000000005908658848740576452
0.000000000004729945172157359995
0.000000000004985669853014206585
0.000000000006947106045199531645
0.000000000008214696450733835315
0.000000000007531214348311855498
0.000000000005727505118283691780
0.000000000004209055279215872141
0.000000000003790740571842864849
0.000000000004100393198443035141
0.000000000003895837121089752499
0.000000000002632481001608518414
0.000000000001339543452701698439
0.000000000001255303718030148938
0.000000000002052160116718387749
0.000000000002259511008145476606
0.000000000001386445579248493617
0.000000000000680546006009121189
0.000000000001175401769885381759
0.000000000001928381086495052428
0.000000000001557219961819714306
0.000000000000693241957666377264
0.000000000000879359613831417453
0.000000000001710236414315006061
0.000000000001581052053483538253
0.000000000000721579190780642512
0.000000000000689757105619048628
0.000000000001357477678221934380
0.000000000001300381125454742140
0.000000000000639663078307838402
0.000000000000629101436955307259
0.000000000001072948304849664425
0.000000000000891418096361188931
0.000000000000424114860134397923
0.000000000000618931643221739569
0.000000000000972217009736861490
0.000000000000620292955762921750
0.000000000000211693016062768228
0.000000000000561232981074108330
0.000000000000921735090770149560
0.000000000000510495596733477474
0.000000000000101024873222951916
0.000000000000416491906629446756
0.000000000000716785645154743852
0.000000000000389105052108789954
0.000000000000099442955376980087
0.000000000000287574684372194718
0.000000000000380101979138226424
0.000000000000181015633936585212
0.000000000000200607822398873839
0.000000000000366023172457751824
0.000000000000197391458257415040
0.000000000000027935062121086559
0.000000000000339722673377963159
0.000000000000587593825319808412
0.000000000000261376347569431811
0.000000000000002403539993248605
0.000000000000290716102130418832
0.000000000000473812746510523288
0.000000000000180954341203798437
0.000000000000019937029527910044
0.000000000000180844177693609764
0.000000000000147080796893097980
0.000000000000001275877471176409
0.000000000000218494165775749216
0.000000000000472839725565031986
0.000000000000306527293424639846
0.000000000000151381510252667832
0.000000000000324403506009720658
0.000000000000334101783570756817
0.000000000000105472230648311621
0.000000000000159045362084845818
0.000000000000270532918062319104
0.000000000000036184491388883343
0.000000000000279369666945880775
0.000000000001439105678830350745
0.000000000001895404184337592164
0.000000000000736497838796787168
0.000000000000046611818074446410
0.000000000001254462703884173011
0.000000000002127826312425563563
0.000000000000940171075172259389
0.000000000000019282550736978444
0.000000000001252248950992578406
0.000000000002217515810412040262
0.000000000001020339897714641347
0.000000000000395312178693086687
0.000000000002432869594030314344
0.000000000004033862281187262151
