0.000000000000054268699331112733
0.000000000000054118537799114430
0.000000000000053670218102031091
0.000000000000052930189262465508
0.000000000000051909048630851906
0.000000000000050621319607865150
0.000000000000049085148821220634
0.000000000000047321930798466795
0.000000000000045355870026039472
0.000000000000043213491820114169
0.000000000000040923114611649808
0.000000000000038514297034576304
0.000000000000036017273584534564
0.000000000000033462392582614328
0.000000000000030879569745119457
0.000000000000028297769851039216
0.000000000000025744527850368742
0.000000000000023245519316006200
0.000000000000020824188465381353
0.000000000000018501440127066559
0.000000000000016295400067775754
0.000000000000014221246092803510
0.000000000000012291110353064617
0.000000000000010514051395675189
0.000000000000008896092737852770
0.000000000000007440323173637462
0.000000000000006147052678490985
0.000000000000005014016687341013
0.000000000000004036620705928790
0.000000000000003208216681851975
0.000000000000002520402308917737
0.000000000000001963334455474561
0.000000000000001526048175124477
0.000000000000001196773250462791
0.000000000000000963240905501525
0.000000000000000812974164431458
0.000000000000000733556295146620
0.000000000000000712872816383146
0.000000000000000739323628867080
0.000000000000000802002916860450
0.000000000000000890845523293886
0.000000000000000996739499561721
0.000000000000001111605444938178
0.000000000000001228444060430599
0.000000000000001341354032991367
0.000000000000001445522928934263
0.000000000000001537194205815870
0.000000000000001613613750359841
0.000000000000001672959520872533
0.000000000000001714257924309112
0.000000000000001737290501950526
0.000000000000001742494347050315
0.000000000000001730859447858627
0.000000000000001703825856039221
0.000000000000001663183239792116
0.000000000000001610975008753391
0.000000000000001549408808888746
0.000000000000001480774793801426
0.000000000000001407372696247134
0.000000000000001331448360518714
0.000000000000001255140061155537
0.000000000000001180434632621580
0.000000000000001109133172738370
0.000000000000001042825862487036
0.000000000000000982875267362564
0.000000000000000930407350335323
0.000000000000000886309331933254
0.000000000000000851233476234839
0.000000000000000825605859073781
0.000000000000000809639182330690
0.000000000000000803348731287230
0.000000000000000806570625940447
0.000000000000000818981587228649
0.000000000000000840119520780811
0.000000000000000869404309836746
0.000000000000000906158301553346
0.000000000000000949626063632581
0.000000000000000998993078204795
0.000000000000001053403124829240
0.000000000000001111974182512889
0.000000000000001173812750488267
0.000000000000001238026548298282
0.000000000000001303735607109817
0.000000000000001370081806097409
0.000000000000001436236940503449
0.000000000000001501409432152477
0.000000000000001564849809533085
0.000000000000001625855093959195
0.000000000000001683772231763860
0.000000000000001738000710974637
0.000000000000001787994495468594
0.000000000000001833263401152892
0.000000000000001873374028126500
0.000000000000001907950350805909
0.000000000000001936674055275399
0.000000000000001959284700151496
0.000000000000001975579764398429
0.000000000000001985414633033609
0.000000000000001988702559636591
