0.000000021297028711141837909227
0.000000007369695192523749321945
0.000000000089387285800071982166
0.000000000345938079512799536950
0.000000000094261145456252742139
0.000000000089639444281209887218
0.000000000017929734628583127525
0.000000000056806675793873644348
0.000000000082572501955719460087
0.000000000028526409639844820768
0.000000000050242511873437761996
0.000000000010950875488616829642
0.000000000046640187761843617367
0.000000000025523622702804581908
0.000000000047441892434828801668
0.000000000024739110301029229334
0.000000000030411558443038597842
0.000000000016716174839103722882
0.000000000023121600320535330342
0.000000000015166183029138129781
0.000000000020967728799639608224
0.000000000014951410337935023691
0.000000000022025618744298466679
0.000000000012267168828051212251
0.000000000020820939594522295385
0.000000000010803050914993512347
0.000000000015591019047341447770
0.000000000010592780215587711086
0.000000000010375850568099082958
0.000000000009916448411584767577
0.000000000007329625166647792345
0.000000000007843922311399141437
0.000000000006505363264682602001
0.000000000005127073000836273539
0.000000000006531964490172682894
0.000000000003332966802111563352
0.000000000005504689365494071588
0.000000000003176981152319463225
0.000000000003390874961406145432
0.000000000003565569107239875297
0.000000000002024524044580856530
0.000000000002898415558290618364
0.000000000002220817830679992569
0.000000000001471859792047757854
0.000000000002558979658700781938
0.000000000000910851119312293935
0.000000000001819976663088669644
0.000000000001428236635608074016
0.000000000000777819858161842425
0.000000000001613078805604849959
0.000000000000429369291625700892
0.000000000001021788024046358802
0.000000000000500632374862203964
0.000000000000679908396449737543
0.000000000000409347184537564727
0.000000000000823369771599060670
0.000000000000194331744800358943
0.000000000000772333085401573009
0.000000000000123955153762824322
0.000000000000570120568243901400
0.000000000000188870898002229242
0.000000000000518787900627020326
0.000000000000190461878437434409
0.000000000000414233300191540304
0.000000000000196574000202597682
0.000000000000140394120634601022
0.000000000000473728929629865827
0.000000000000117726694205510581
0.000000000000605043409221053493
0.000000000000062405609537029466
0.000000000000285226426427523495
0.000000000000072302741461717874
0.000000000000444173793641055490
0.000000000000370126714077266901
0.000000000000406869481535102172
0.000000000000130158239938895250
0.000000000000007776000888416718
0.000000000000730175448361892716
0.000000000000320639247237224182
0.000000000000635641769511416944
0.000000000000149387150465514725
0.000000000000196942711770484020
0.000000000001398126280688728970
0.000000000001396357098208758419
0.000000000000732977639189615681
0.000000000000354359812748344328
0.000000000004882500097659235481
0.000000000000829380704735708816
0.000000000001038633865825877558
0.000000000000497408740507051818
0.000000000000883809404554361541
0.000000000011469796643768826578
0.000000000003964773527092208253
0.000000000010787582830183716714
0.000000000002557511975674550849
0.000000000002147299217944617800
0.000000000031903968266395853092
0.000000000037194788947700305302
0.000000000015204572267905517665
