0.000000000000000287400072076495
0.000000000000000287075794188791
0.000000000000000286104563767312
0.000000000000000284491180687939
0.000000000000000282243611991495
0.000000000000000279372943026560
0.000000000000000275893309589200
0.000000000000000271821811592784
0.000000000000000267178408944201
0.000000000000000261985800438992
0.000000000000000256269286616113
0.000000000000000250056617631766
0.000000000000000243377827320070
0.000000000000000236265054705145
0.000000000000000228752354313688
0.000000000000000220875496708615
0.000000000000000212671760722282
0.000000000000000204179718911753
0.000000000000000195439017788450
0.000000000000000186490154390089
0.000000000000000177374250764335
0.000000000000000168132827921200
0.000000000000000158807580785437
0.000000000000000149440155641459
0.000000000000000140071931512372
0.000000000000000130743806852413
0.000000000000000121495992859206
0.000000000000000112367814629902
0.000000000000000103397521294526
0.000000000000000094622106161718
0.000000000000000086077137807958
0.000000000000000077796602932231
0.000000000000000069812761685404
0.000000000000000062156016068420
0.000000000000000054854791877042
0.000000000000000047935434554436
0.000000000000000041422119197612
0.000000000000000035336774850556
0.000000000000000029699023106973
0.000000000000000024526130939747
0.000000000000000019832977573386
0.000000000000000015632035120680
0.000000000000000011933362616145
0.000000000000000008744612997148
0.000000000000000006071052509449
0.000000000000000003915591947487
0.000000000000000002278829081448
0.000000000000000001159101573132
0.000000000000000000552549640867
0.000000000000000000453187700324
0.000000000000000000852984182802
0.000000000000000001741948715276
0.000000000000000003108225836998
0.000000000000000004938194425216
0.000000000000000007216572007476
0.000000000000000009926523149328
0.000000000000000013049771123730
0.000000000000000016566712091451
0.000000000000000020456531049806
0.000000000000000024697318839475
0.000000000000000029266189535494
0.000000000000000034139397588100
0.000000000000000039292454121384
0.000000000000000044700241842161
0.000000000000000050337128057474
0.000000000000000056177075346200
0.000000000000000062193749477838
0.000000000000000068360624219206
0.000000000000000074651082717065
0.000000000000000081038515191109
0.000000000000000087496412717072
0.000000000000000093998456923409
0.000000000000000100518605466943
0.000000000000000107031173192628
0.000000000000000113510908920109
0.000000000000000119933067834622
0.000000000000000126273479492121
0.000000000000000132508611477907
0.000000000000000138615628784669
0.000000000000000144572448999413
0.000000000000000150357793409470
0.000000000000000155951234155405
0.000000000000000161333237573425
0.000000000000000166485203881691
0.000000000000000171389503373985
0.000000000000000176029509290419
0.000000000000000180389627538515
0.000000000000000184455323439081
0.000000000000000188213145670039
0.000000000000000191650747577766
0.000000000000000194756906019906
0.000000000000000197521537895946
0.000000000000000199935714512467
0.000000000000000201991673918930
0.000000000000000203682831337314
0.000000000000000205003787795168
0.000000000000000205950337056625
0.000000000000000206519470930110
0.000000000000000206709383014734
