0.000000016386661591344257417934
0.000000007047443916879214539780
0.000000000155518096412877543978
0.000000000132840817023075111249
0.000000000063685943819139194872
0.000000000163552984526408446116
0.000000000004990166274333764381
0.000000000028807778585000545594
0.000000000053734472912859432401
0.000000000019386277979306200194
0.000000000064667643852812094092
0.000000000020661111933384384376
0.000000000026072156653466312811
0.000000000024821355505326156385
0.000000000014205151072707935963
0.000000000033690413503292287110
0.000000000017791829434879327645
0.000000000030506734850464203801
0.000000000015002763385081622084
0.000000000021590787249258869152
0.000000000012777001983707738902
0.000000000013599638822209773711
0.000000000010568232193968051300
0.000000000011286219177404190631
0.000000000010245433531193015531
0.000000000009362425846257078965
0.000000000010960981590893737997
0.000000000008195901543275153220
0.000000000010374688249457444534
0.000000000007339813912304342139
0.000000000009424186322349594120
0.000000000005838646026848700700
0.000000000008721981513094462985
0.000000000004323274656270173914
0.000000000007596786658428336799
0.000000000003486665583413624783
0.000000000005725098226227355988
0.000000000003322331379138689978
0.000000000003690736443362861147
0.000000000003472110804858793782
0.000000000002106356389184971207
0.000000000003527880094401793647
0.000000000001184280344590223323
0.000000000003201327551590597486
0.000000000000847394597872062038
0.000000000002488950055517255347
0.000000000000857096532967971707
0.000000000001676241718859703735
0.000000000000908015455803591065
0.000000000001026388677837343273
0.000000000000801376308046648763
0.000000000000669734423157960909
0.000000000000623548044562920517
0.000000000000676519269784768323
0.000000000000518421433006134778
0.000000000000804094534688638325
0.000000000000439595168989106343
0.000000000000696079874344959517
0.000000000000312115171827813220
0.000000000000368227201518033728
0.000000000000319929244569938388
0.000000000000091442373800760773
0.000000000000553745810281177717
0.000000000000112185158299457532
0.000000000000731013379164128846
0.000000000000160730207466094421
0.000000000000374354012850073255
0.000000000000173130179445389014
0.000000000000013794127100737434
0.000000000000563899333451946277
0.000000000000194698503829825446
0.000000000000658027845224815212
0.000000000000153871029264219219
0.000000000000068411672406579072
0.000000000000301134589173810393
0.000000000000313658809363902348
0.000000000000704829953858353885
0.000000000000309600645211580010
0.000000000000107296115246709767
0.000000000000218561557916870332
0.000000000000420886449485121173
0.000000000001338484655780419330
0.000000000000581266425036112171
0.000000000001094648559464053447
0.000000000000501268788926670826
0.000000000005851804351567066057
0.000000000000413814100695248510
0.000000000003095153350501554289
0.000000000000120912303173565613
0.000000000001538352975560289156
0.000000000005657388749983784023
0.000000000002891666127409128113
0.000000000013445617578537979544
0.000000000002889002372583788130
0.000000000008032109273055050163
0.000000000000166641418982040465
0.000000000030164175530346638457
0.000000000009634024673349904785
0.000000000012699744646524836557
