0.000000000027984748247675783312
0.000000000026941584605970376227
0.000000000024006063618435922457
0.000000000019709378923542648276
0.000000000014783832988680762492
0.000000000009983680149506241646
0.000000000005916628319123156646
0.000000000002932643923992435607
0.000000000001094773104045909166
0.000000000000228663706625920697
0.000000000000023679553054300421
0.000000000000146758687033350301
0.000000000000333040797617799878
0.000000000000431672585912727390
0.000000000000404201952469919858
0.000000000000289056866160089921
0.000000000000153573079754553638
0.000000000000053645616252531987
0.000000000000012846156601883386
0.000000000000022373835481170661
0.000000000000054972141541342775
0.000000000000082564695035900868
0.000000000000088938708263944506
0.000000000000073435332344542241
0.000000000000046614002821004730
0.000000000000022072844153052612
0.000000000000009148573990230796
0.000000000000009557168394356602
0.000000000000018463920377585185
0.000000000000028348718460639903
0.000000000000033181709935717680
0.000000000000030903929507933652
0.000000000000023472563381598010
0.000000000000015021897923023301
0.000000000000009422779962844431
0.000000000000008501097708270253
0.000000000000011588262444247910
0.000000000000016320202140240967
0.000000000000020054049311967771
0.000000000000021130008663530852
0.000000000000019440691785269533
0.000000000000016192685142740529
0.000000000000013127152508075206
0.000000000000011649409724269869
0.000000000000012265632959311329
0.000000000000014511825465384401
0.000000000000017312219205889593
0.000000000000019534410032385717
0.000000000000020471558926624368
0.000000000000020064940813691390
0.000000000000018823118361598200
0.000000000000017525768212368472
0.000000000000016869733878139789
0.000000000000017207563018470617
0.000000000000018463788617688982
0.000000000000020229181298596220
0.000000000000021965243043156950
0.000000000000023222647319184461
0.000000000000023790553692100921
0.000000000000023734923968191021
0.000000000000023332051695601154
0.000000000000022939602044459917
0.000000000000022861229933256081
0.000000000000023252252621283856
0.000000000000024090711864743537
0.000000000000025211545035144375
0.000000000000026381228081419549
0.000000000000027381551749275897
0.000000000000028074432601076007
0.000000000000028431158301976268
0.000000000000028523736356593513
0.000000000000028487976922023660
0.000000000000028474433563852028
0.000000000000028603625523384784
0.000000000000028937397247958536
0.000000000000029471293751520888
0.000000000000030146010122992776
0.000000000000030871199665187272
0.000000000000031553037260832047
0.000000000000032117758124824584
0.000000000000032526057067210392
0.000000000000032776600621483649
0.000000000000032899945383809489
0.000000000000032946192190135249
0.000000000000032970484709343851
0.000000000000033020099337897621
0.000000000000033125725866120705
0.000000000000033298050569025570
0.000000000000033529337145687800
0.000000000000033798654598738341
0.000000000000034078874379930608
0.000000000000034343555984957804
0.000000000000034572249652001241
0.000000000000034753388238349229
0.000000000000034884624808513228
0.000000000000034971038813698744
0.000000000000035021988402266941
0.000000000000035047509942330285
0.000000000000035055098132346907
