0.000000000000001673516490436075
0.000000000000001671387412127683
0.000000000000001665013058636381
0.000000000000001654431966291809
0.000000000000001639708003599008
0.000000000000001620929837339709
0.000000000000001598210193389835
0.000000000000001571684920390072
0.000000000000001541511866535466
0.000000000000001507869581736998
0.000000000000001470955859226229
0.000000000000001430986132299676
0.000000000000001388191743312164
0.000000000000001342818103210615
0.000000000000001295122760838701
0.000000000000001245373401928878
0.000000000000001193845798126358
0.000000000000001140821726558313
0.000000000000001086586880373697
0.000000000000001031428790341288
0.000000000000000975634777015949
0.000000000000000919489952179622
0.000000000000000863275287250778
0.000000000000000807265765153595
0.000000000000000751728630767813
0.000000000000000696921753565798
0.000000000000000643092114409917
0.000000000000000590474426757205
0.000000000000000539289900725945
0.000000000000000489745156647047
0.000000000000000442031292878212
0.000000000000000396323110826320
0.000000000000000352778498327567
0.000000000000000311537970798337
0.000000000000000272724367913435
0.000000000000000236442702010998
0.000000000000000202780152981434
0.000000000000000171806203085175
0.000000000000000143572903972087
0.000000000000000118115267152924
0.000000000000000095451768306162
0.000000000000000075584955095383
0.000000000000000058502147624148
0.000000000000000044176220265340
0.000000000000000032566453366745
0.000000000000000023619443248379
0.000000000000000017270058962129
0.000000000000000013442434471644
0.000000000000000012050985219397
0.000000000000000013001438466993
0.000000000000000016191867311554
0.000000000000000021513718882434
0.000000000000000028852827895115
0.000000000000000038090407469565
0.000000000000000049104009895076
0.000000000000000061768450829731
0.000000000000000075956691247508
0.000000000000000091540672277776
0.000000000000000108392098909415
0.000000000000000126383169344861
0.000000000000000145387247578724
0.000000000000000165279477533217
0.000000000000000185937337801306
0.000000000000000207241136722414
0.000000000000000229074448139755
0.000000000000000251324488759362
0.000000000000000273882438545859
0.000000000000000296643706047398
0.000000000000000319508140941314
0.000000000000000342380196433103
0.000000000000000365169044425258
0.000000000000000387788646601140
0.000000000000000410157784744625
0.000000000000000432200053741641
0.000000000000000453843820788283
0.000000000000000475022154365397
0.000000000000000495672726535489
0.000000000000000515737692078380
0.000000000000000535163547911448
0.000000000000000553900976142712
0.000000000000000571904673984472
0.000000000000000589133173615733
0.000000000000000605548654927001
0.000000000000000621116753914859
0.000000000000000635806369319276
0.000000000000000649589469916997
0.000000000000000662440904702276
0.000000000000000674338218004045
0.000000000000000685261471408497
0.000000000000000695193074179555
0.000000000000000704117623698363
0.000000000000000712021757277595
0.000000000000000718894016547939
0.000000000000000724724725462727
0.000000000000000729505882822670
0.000000000000000733231070085687
0.000000000000000735895375096502
0.000000000000000737495332246393
0.000000000000000738028879454404
