0.000000000000000056834837028743
0.000000000000000056773390449424
0.000000000000000056589330621781
0.000000000000000056283495811122
0.000000000000000055857278250182
0.000000000000000055312616857562
0.000000000000000054651987108462
0.000000000000000053878388122026
0.000000000000000052995327047071
0.000000000000000052006800844812
0.000000000000000050917275583251
0.000000000000000049731663372987
0.000000000000000048455297088371
0.000000000000000047093903030844
0.000000000000000045653571703083
0.000000000000000044140726873035
0.000000000000000042562093115949
0.000000000000000040924662030198
0.000000000000000039235657328839
0.000000000000000037502499013510
0.000000000000000035732766840443
0.000000000000000033934163289989
0.000000000000000032114476251180
0.000000000000000030281541631531
0.000000000000000028443206099465
0.000000000000000026607290162599
0.000000000000000024781551779629
0.000000000000000022973650696764
0.000000000000000021191113691789
0.000000000000000019441300899770
0.000000000000000017731373384465
0.000000000000000016068262108611
0.000000000000000014458638444599
0.000000000000000012908886354768
0.000000000000000011425076357662
0.000000000000000010012941383334
0.000000000000000008677854607153
0.000000000000000007424809337795
0.000000000000000006258401021189
0.000000000000000005182811408335
0.000000000000000004201794921162
0.000000000000000003318667237098
0.000000000000000002536296099810
0.000000000000000001857094350833
0.000000000000000001283015164479
0.000000000000000000815549456736
0.000000000000000000455725427752
0.000000000000000000204110187109
0.000000000000000000060813401443
0.000000000000000000025492895048
0.000000000000000000097362126062
0.000000000000000000275199453569
0.000000000000000000557359104562
0.000000000000000000941783744166
0.000000000000000001426018547837
0.000000000000000002007226670408
0.000000000000000002682206003842
0.000000000000000003447407113338
0.000000000000000004298952240035
0.000000000000000005232655257853
0.000000000000000006244042472088
0.000000000000000007328374148039
0.000000000000000008480666659318
0.000000000000000009695715147386
0.000000000000000010968116586284
0.000000000000000012292293149460
0.000000000000000013662515778924
0.000000000000000015072927860649
0.000000000000000016517568914184
0.000000000000000017990398208689
0.000000000000000019485318222151
0.000000000000000020996197865128
0.000000000000000022516895395184
0.000000000000000024041280952995
0.000000000000000025563258655933
0.000000000000000027076788189805
0.000000000000000028575905844166
0.000000000000000030054744941311
0.000000000000000031507555613602
0.000000000000000032928723888189
0.000000000000000034312790042365
0.000000000000000035654466196858
0.000000000000000036948653118103
0.000000000000000038190456204124
0.000000000000000039375200631956
0.000000000000000040498445647581
0.000000000000000041555997982162
0.000000000000000042543924380885
0.000000000000000043458563232994
0.000000000000000044296535293632
0.000000000000000045054753489861
0.000000000000000045730431804794
0.000000000000000046321093235069
0.000000000000000046824576817996
0.000000000000000047239043725634
0.000000000000000047562982423782
0.000000000000000047795212894436
0.000000000000000047934889920741
0.000000000000000047981505433771
