0.000000000000012900219111242311
0.000000000000012876085540558737
0.000000000000012803916902721349
0.000000000000012684406192217761
0.000000000000012518697696976382
0.000000000000012308371144464145
0.000000000000012055419902579151
0.000000000000011762223621329550
0.000000000000011431515797068322
0.000000000000011066346826470864
0.000000000000010670043190751400
0.000000000000010246163470375702
0.000000000000009798451935641948
0.000000000000009330790488231783
0.000000000000008847149742820402
0.000000000000008351540036095128
0.000000000000007847963133453540
0.000000000000007340365371973055
0.000000000000006832592933025601
0.000000000000006328349880501336
0.000000000000005831159532598152
0.000000000000005344329658316821
0.000000000000004870921906109816
0.000000000000004413725783587725
0.000000000000003975237415850788
0.000000000000003557643217926679
0.000000000000003162808525933138
0.000000000000002792271143805901
0.000000000000002447239679442267
0.000000000000002128596467423022
0.000000000000001836904806384673
0.000000000000001572420178676085
0.000000000000001335105068950949
0.000000000000001124646957364432
0.000000000000000940479032346172
0.000000000000000781803147550601
0.000000000000000647614537343749
0.000000000000000536727804661868
0.000000000000000447803703670039
0.000000000000000379376256592690
0.000000000000000329879768483835
0.000000000000000297675334550783
0.000000000000000281076470868266
0.000000000000000278373539806927
0.000000000000000287856685127109
0.000000000000000307837037348800
0.000000000000000336665996636174
0.000000000000000372752447028617
0.000000000000000414577801489511
0.000000000000000460708821105740
0.000000000000000509808193138551
0.000000000000000560642890898338
0.000000000000000612090373108296
0.000000000000000663142711169687
0.000000000000000712908759295214
0.000000000000000760614504698090
0.000000000000000805601752877113
0.000000000000000847325316580661
0.000000000000000885348886406358
0.000000000000000919339766411326
0.000000000000000949062659842862
0.000000000000000974372688470974
0.000000000000000995207824367522
0.000000000000001011580905710434
0.000000000000001023571398687147
0.000000000000001031317056223591
0.000000000000001035005611462126
0.000000000000001034866630028922
0.000000000000001031163630523295
0.000000000000001024186567658254
0.000000000000001014244757383655
0.000000000000001001660308399716
0.000000000000000986762109954219
0.000000000000000969880411912550
0.000000000000000951342019962295
0.000000000000000931466116597086
0.000000000000000910560707319703
0.000000000000000888919681384358
0.000000000000000866820467408113
0.000000000000000844522256342590
0.000000000000000822264757609130
0.000000000000000800267448644823
0.000000000000000778729273649174
0.000000000000000757828743915110
0.000000000000000737724389717090
0.000000000000000718555512249751
0.000000000000000700443183494331
0.000000000000000683491442065562
0.000000000000000667788633986742
0.000000000000000653408848883122
0.000000000000000640413404203703
0.000000000000000628852332711481
0.000000000000000618765831558352
0.000000000000000610185634723276
0.000000000000000603136274385188
0.000000000000000597636200874332
0.000000000000000593698735149792
0.000000000000000591332832244102
0.000000000000000590543638758082
