0.000000006956402874918565075385
0.000000003570367976367686607649
0.000000000167372914845868019905
0.000000000222424889867605256271
0.000000000143771419832423215359
0.000000000001730258195666525284
0.000000000016134120777922624552
0.000000000042199547622906470593
0.000000000025051817681183940916
0.000000000026458867392478773481
0.000000000042885390240123624876
0.000000000013108815679268135036
0.000000000012523705631356421007
0.000000000019567061949685363139
0.000000000010848641851128315922
0.000000000017928097188198084201
0.000000000021066548300755418619
0.000000000013534918989583006046
0.000000000017009502713463745912
0.000000000012625278644258949047
0.000000000010709946463973585504
0.000000000010252829778144777026
0.000000000007243559361795232344
0.000000000006802721737063934969
0.000000000007942646016314915796
0.000000000005099964803756945648
0.000000000006665673591749980742
0.000000000006151469648274700404
0.000000000005135130415648853628
0.000000000006879023152170382690
0.000000000003726720338478847379
0.000000000007282284051258928362
0.000000000003152734179279605927
0.000000000005936292630823449097
0.000000000003743986133663272045
0.000000000004028957878442340205
0.000000000003850615016138499280
0.000000000002927837396012604823
0.000000000003372367741820134930
0.000000000002211900271415565946
0.000000000003071852401566222318
0.000000000001445378452138665134
0.000000000003021518830075709851
0.000000000000807792107453322355
0.000000000002831119966200695934
0.000000000000545887634283943648
0.000000000002240999985483249894
0.000000000000655984239804288423
0.000000000001393326726328513061
0.000000000000803885622028915086
0.000000000000810819496068564824
0.000000000000640829104714686338
0.000000000000792878407983157993
0.000000000000295635197823704061
0.000000000000950692750839745067
0.000000000000295389740617188756
0.000000000000737103035208218359
0.000000000000658909495793331980
0.000000000000256184089006199124
0.000000000000748248863029545253
0.000000000000074157618001288679
0.000000000000286151666593957875
0.000000000000315268892162170012
0.000000000000131752152313145529
0.000000000000407103591136220191
0.000000000000597496108930521692
0.000000000000104953261976253990
0.000000000000615546000304797427
0.000000000000022023872718743550
0.000000000000102881016672133882
0.000000000000263560490516848175
0.000000000000385922273991694436
0.000000000000237280736099917898
0.000000000000801306974418524055
0.000000000000035077916628194574
0.000000000000195901499781134428
0.000000000000095191856924716678
0.000000000000408446947207981642
0.000000000000414974463060622467
0.000000000000767230756065404110
0.000000000000217953570095876358
0.000000000000219267871237633374
0.000000000000648122916394666353
0.000000000001064584387792999855
0.000000000000823981843566995421
0.000000000004432803699913505473
0.000000000000787581891701634681
0.000000000003585002685535988992
0.000000000000275371941341269219
0.000000000002462639148218769151
0.000000000000864712597571982104
0.000000000004413403715668390813
0.000000000001218555884062524604
0.000000000016051275288682435649
0.000000000012157064496176121816
0.000000000002258355891218928637
0.000000000012406829205453150119
0.000000000000462721814835054641
0.000000000011428517318267382243
