0.000000136062776582239727912559
0.000000003144932108756385964396
0.000000001237459811175325388203
0.000000000032361996786222984796
0.000000000287978329303594033942
0.000000000149138849944764972583
0.000000000064800685865747662803
0.000000000191396739643160110944
0.000000000078249846819916677082
0.000000000076560781199747209416
0.000000000136729796419308619770
0.000000000085981871962065708534
0.000000000054348422694767412876
0.000000000095673261629323203671
0.000000000103188321703716100894
0.000000000061177640228730946002
0.000000000041510421000588679274
0.000000000056645990569125889335
0.000000000085571606619959388339
0.000000000078089771694477308595
0.000000000056206844515017816029
0.000000000027740314638104407723
0.000000000022676186115915011432
0.000000000028607392657135047572
0.000000000043757538659520957290
0.000000000049947012972439796583
0.000000000047118981111310671661
0.000000000042404386724220571445
0.000000000031654554861074551957
0.000000000024681499218638539381
0.000000000021926361047481477458
0.000000000017892491816443141772
0.000000000015275492074565860191
0.000000000013778396647958524732
0.000000000010746200065281593555
0.000000000007691898118465427549
0.000000000006634088652750321097
0.000000000006339138833290112864
0.000000000005549364873033280836
0.000000000004532120042900944039
0.000000000003764923488952093018
0.000000000003350441830203034163
0.000000000003204972996930707098
0.000000000003384855522878031737
0.000000000003647972116886526129
0.000000000003485852418316063512
0.000000000002810662812162616605
0.000000000001900061325832991719
0.000000000001341217626135509617
0.000000000001580705105276549014
0.000000000002268188135098102152
0.000000000002550078904458678536
0.000000000001856659044942086352
0.000000000000793890230037769534
0.000000000000250970355311524461
0.000000000000611596692336275277
0.000000000001277636073480005897
0.000000000001499661399771923014
0.000000000000863561856967978604
0.000000000000123868482181953092
0.000000000000133803990785018985
0.000000000000938748360207824844
0.000000000001390539923815171620
0.000000000000855022547912362321
0.000000000000024755250044617831
0.000000000000579534364972483795
0.000000000001815043922501849273
0.000000000001237122396131561482
0.000000000000055586994585760743
0.000000000001096768741395325436
0.000000000002321102318571217311
0.000000000000892175074260742795
0.000000000000379239461475692312
0.000000000002574466625811684411
0.000000000001898616084047222920
0.000000000000218786974679193686
0.000000000002851343832001454647
0.000000000002428836564080054328
0.000000000000352013763440686042
0.000000000003805577684851397067
0.000000000002526193413514802092
0.000000000001467468078388059195
0.000000000006779698171735606875
0.000000000001956144817667407116
0.000000000006227920242204456568
0.000000000000687481159570002253
0.000000000000613000993994417615
0.000000000006619494665847119266
0.000000000005498585418569715703
0.000000000007655027658715733729
0.000000000006375561710799170174
0.000000000009322846656212693560
0.000000000005456163870601394657
0.000000000009306054757323736207
0.000000000044523467421180163176
0.000000000007689124625235393570
0.000000000111543658933034697612
0.000000000128220447387941171096
0.000000000083805265653744250734
