0.000000000000000008659201432162
0.000000000000000008650062870472
0.000000000000000008622686858015
0.000000000000000008577192225898
0.000000000000000008513776404498
0.000000000000000008432714494780
0.000000000000000008334357975124
0.000000000000000008219133050606
0.000000000000000008087538653565
0.000000000000000007940144106150
0.000000000000000007777586457312
0.000000000000000007600567508386
0.000000000000000007409850543049
0.000000000000000007206256778916
0.000000000000000006990661559441
0.000000000000000006763990306068
0.000000000000000006527214251735
0.000000000000000006281345977832
0.000000000000000006027434777637
0.000000000000000005766561869941
0.000000000000000005499835487241
0.000000000000000005228385863249
0.000000000000000004953360144859
0.000000000000000004675917253787
0.000000000000000004397222723177
0.000000000000000004118443534290
0.000000000000000003840742978139
0.000000000000000003565275566526
0.000000000000000003293182016375
0.000000000000000003025584330611
0.000000000000000002763580998031
0.000000000000000002508242333726
0.000000000000000002260605980598
0.000000000000000002021672591424
0.000000000000000001792401709737
0.000000000000000001573707866523
0.000000000000000001366456908405
0.000000000000000001171462571593
0.000000000000000000989483314460
0.000000000000000000821219420087
0.000000000000000000667310378672
0.000000000000000000528332558129
0.000000000000000000404797169690
0.000000000000000000297148533802
0.000000000000000000205762650080
0.000000000000000000130946073562
0.000000000000000000072935098067
0.000000000000000000031895245994
0.000000000000000000007921062497
0.000000000000000000001036210641
0.000000000000000000011193862816
0.000000000000000000038277382486
0.000000000000000000082101289140
0.000000000000000000142412498238
0.000000000000000000218891826890
0.000000000000000000311155755074
0.000000000000000000418758431287
0.000000000000000000541193910771
0.000000000000000000677898613687
0.000000000000000000828253990006
0.000000000000000000991589377311
0.000000000000000001167185037243
0.000000000000000001354275355895
0.000000000000000001552052193185
0.000000000000000001759668365927
0.000000000000000001976241249217
0.000000000000000002200856480593
0.000000000000000002432571751408
0.000000000000000002670420669910
0.000000000000000002913416680555
0.000000000000000003160557024285
0.000000000000000003410826724649
0.000000000000000003663202584923
0.000000000000000003916657181672
0.000000000000000004170162840505
0.000000000000000004422695580182
0.000000000000000004673239011609
0.000000000000000004920788178680
0.000000000000000005164353328424
0.000000000000000005402963598353
0.000000000000000005635670609420
0.000000000000000005861551953530
0.000000000000000006079714565046
0.000000000000000006289297966289
0.000000000000000006489477377576
0.000000000000000006679466682881
0.000000000000000006858521242771
0.000000000000000007025940546822
0.000000000000000007181070698273
0.000000000000000007323306724235
0.000000000000000007452094705328
0.000000000000000007566933719170
0.000000000000000007667377592681
0.000000000000000007753036458723
0.000000000000000007823578113118
0.000000000000000007878729168652
0.000000000000000007918276003160
0.000000000000000007942065499367
0.000000000000000007950005574640
