0.000000105949839669668063796709
0.000000006965471170462858815871
0.000000001506232748579686351148
0.000000000292742816295814403827
0.000000000494992115207048555677
0.000000000001221532734381068559
0.000000000242435501975387751233
0.000000000074416295633168450330
0.000000000077724854540870372191
0.000000000105124912150088031583
0.000000000059976224797505586197
0.000000000102250063088646063969
0.000000000065598532879811857070
0.000000000041446369210570102387
0.000000000089511789721694005926
0.000000000084224968012198787501
0.000000000042916229025721833659
0.000000000035440232054210128697
0.000000000054468144506515021886
0.000000000051384231371470502963
0.000000000039706140962542224209
0.000000000041590585212569239275
0.000000000043343951476251921449
0.000000000035364465507038651580
0.000000000023976878791992370269
0.000000000021474371219134407558
0.000000000027072784103077310217
0.000000000026174044526659388531
0.000000000022099018737203474487
0.000000000014507937714607439680
0.000000000014335121013176599601
0.000000000018318400363033904479
0.000000000019498318637636255068
0.000000000019731247601877889609
0.000000000016725477584118655855
0.000000000012478467767364329863
0.000000000010060065202287736835
0.000000000007687001902632768213
0.000000000005464829523095033724
0.000000000005792132252945411604
0.000000000007345748427888961991
0.000000000007608495181290637255
0.000000000006606982964371023454
0.000000000005744149777547011675
0.000000000005396078718726588156
0.000000000004491925695471355548
0.000000000002580531776892676005
0.000000000000840154811053275105
0.000000000000845578290912580609
0.000000000001925310152817941095
0.000000000002103804546287345409
0.000000000001239605944323115891
0.000000000001162772314247252461
0.000000000002245165824807910555
0.000000000002509370474350147959
0.000000000001055674638489710834
0.000000000000126127339486592600
0.000000000000712575623108287899
0.000000000000915637362009547748
0.000000000000105915305735787578
0.000000000000303247010570060896
0.000000000001117443636454536008
0.000000000000583498279496184650
0.000000000000056751554881581043
0.000000000001147250691123030865
0.000000000001388746142637619700
0.000000000000121700069507407585
0.000000000000496413387148647299
0.000000000001281674668590717245
0.000000000000340271181951571942
0.000000000000181868905473735940
0.000000000000584187486955407712
0.000000000000309987062652621129
0.000000000000635569964397350746
0.000000000000282628048309906848
0.000000000000396321519628752617
0.000000000001567951022762345363
0.000000000000277009838312590149
0.000000000000850485510757876526
0.000000000001956062408044190719
0.000000000000084344324478402753
0.000000000000824674745550503068
0.000000000002354414011393613372
0.000000000000544645819508346924
0.000000000004970400957893471614
0.000000000000354174795790086374
0.000000000003581837782193370554
0.000000000005821433420965652061
0.000000000001466677206407961780
0.000000000001506461237985141765
0.000000000032784127500726345504
0.000000000015749011376242069188
0.000000000006335742328929631714
0.000000000018490035836036165634
0.000000000009705683135511053196
0.000000000004455555915785628958
0.000000000012564810155174479354
0.000000000156966495780968902230
0.000000000006361281231172213353
