0.000000000000072122937221015079
0.000000000000071903979833031674
0.000000000000071250573278698503
0.000000000000070173034132308371
0.000000000000068688291526420912
0.000000000000066819497582530090
0.000000000000064595498054137669
0.000000000000062050178546342726
0.000000000000059221705130990241
0.000000000000056151680982845979
0.000000000000052884242731455123
0.000000000000049465121495791668
0.000000000000045940694016054183
0.000000000000042357048922197984
0.000000000000038759092015936842
0.000000000000035189712554537303
0.000000000000031689029998567201
0.000000000000028293737630607066
0.000000000000025036555992442995
0.000000000000021945805359390348
0.000000000000019045102611652807
0.000000000000016353184012264394
0.000000000000013883851690815025
0.000000000000011646038181867790
0.000000000000009643980281060751
0.000000000000007877490845647093
0.000000000000006342315043639066
0.000000000000005030555988162072
0.000000000000003931153699616774
0.000000000000003030400914187704
0.000000000000002312479378984910
0.000000000000001760000899336053
0.000000000000001354538474874284
0.000000000000001077134308605707
0.000000000000000908773219285749
0.000000000000000830811949722191
0.000000000000000825356958478378
0.000000000000000875585428488729
0.000000000000000966006347058967
0.000000000000001082660538933475
0.000000000000001213260408426418
0.000000000000001347271819785716
0.000000000000001475941980445455
0.000000000000001592278365037218
0.000000000000001690984616094882
0.000000000000001768359978437258
0.000000000000001822169176339223
0.000000000000001851489742506064
0.000000000000001856543679319083
0.000000000000001838520005012667
0.000000000000001799394243302472
0.000000000000001741750289540107
0.000000000000001668609365323262
0.000000000000001583269991439851
0.000000000000001489162098888583
0.000000000000001389717589372233
0.000000000000001288258876308099
0.000000000000001187906207076735
0.000000000000001091503904520750
0.000000000000001001565083675283
0.000000000000000920233907011035
0.000000000000000849264042595301
0.000000000000000790011685246734
0.000000000000000743441288392383
0.000000000000000710142028573122
0.000000000000000690352977814030
0.000000000000000683994982158892
0.000000000000000690707327240502
0.000000000000000709887402908235
0.000000000000000740731747620423
0.000000000000000782277048762477
0.000000000000000833439887110832
0.000000000000000893054233038974
0.000000000000000959905920536162
0.000000000000001032763535664567
0.000000000000001110405352970867
0.000000000000001191642132136654
0.000000000000001275335744598965
0.000000000000001360413733987224
0.000000000000001445880024083654
0.000000000000001530822073664826
0.000000000000001614414839893908
0.000000000000001695921952459554
0.000000000000001774694521483097
0.000000000000001850168005811900
0.000000000000001921857557400313
0.000000000000001989352234885134
0.000000000000002052308448024503
0.000000000000002110442957121957
0.000000000000002163525710447701
0.000000000000002211372760287638
0.000000000000002253839456577060
0.000000000000002290814077742922
0.000000000000002322212022647875
0.000000000000002347970656284331
0.000000000000002368044875616926
0.000000000000002382403440868632
0.000000000000002391026101410178
0.000000000000002393901533770364
