0.000000138492170210042255471536
0.000000007566243286898308963114
0.000000000569589755313265125799
0.000000000665014078458126487238
0.000000000261727097866632121156
0.000000000102133982590793058574
0.000000000315919316335937872237
0.000000000029803886949740206722
0.000000000127103382680793819700
0.000000000188841090178178361491
0.000000000045015176587332489155
0.000000000071331163842330961923
0.000000000132646135876732040395
0.000000000080379174505511591328
0.000000000041692010062069956772
0.000000000070583650742979950055
0.000000000079439338344637517444
0.000000000058763773230131559095
0.000000000042188191639999573737
0.000000000048090969778964819333
0.000000000058020104737699127413
0.000000000051587476063201409951
0.000000000036850752281909177496
0.000000000028127681935060654741
0.000000000026958274961130966442
0.000000000033114069445513512273
0.000000000031913074918959590988
0.000000000030671177214447081160
0.000000000025507953728226729690
0.000000000021346337234448868498
0.000000000022526550149988958331
0.000000000021788271026954824283
0.000000000020001136041709143150
0.000000000018513197943895735391
0.000000000014511607795011878906
0.000000000010356912949062811059
0.000000000008588466529671927883
0.000000000007638713640030195196
0.000000000005972813757370997973
0.000000000004523960887023383366
0.000000000004169213000243455126
0.000000000004533790453307496288
0.000000000005081636336727237259
0.000000000005211083564008743189
0.000000000004618985557940284563
0.000000000003688532806726988409
0.000000000003222718778595439814
0.000000000003662903904655234660
0.000000000004255733586829766946
0.000000000003891394766154031546
0.000000000002530402093113077390
0.000000000001114957482003925133
0.000000000000866892888960278325
0.000000000001574437691342922376
0.000000000001849108345004312000
0.000000000000933203254959044869
0.000000000000081064669538479555
0.000000000000427437686845360683
0.000000000001241022353455767981
0.000000000000932216549450242828
0.000000000000104170797432893241
0.000000000000279240234117350671
0.000000000001151708539603501224
0.000000000000913523167395781281
0.000000000000076686757462822922
0.000000000000389310494359534234
0.000000000001088451117351760137
0.000000000000633293746699880414
0.000000000000049475157020669634
0.000000000000646481266954164650
0.000000000000887153430960940940
0.000000000000215566517391057838
0.000000000000331108033111714225
0.000000000000742584863560561193
0.000000000000447652960219423984
0.000000000000302965538743449935
0.000000000000483371762778052337
0.000000000000662467003431629845
0.000000000000387495859042295323
0.000000000000364736591260566041
0.000000000000806081202629680293
0.000000000000488560093574263544
0.000000000000116931352158089009
0.000000000002897630040071465079
0.000000000001766825928677210133
0.000000000008963747781657273946
0.000000000003748088889166788120
0.000000000003057805778464905962
0.000000000004183960549196641008
0.000000000007528761241804665506
0.000000000016474903934502410408
0.000000000004078054195720686899
0.000000000004332197629071344908
0.000000000003878248316705735397
0.000000000008834412896937323165
0.000000000002867071643905753666
0.000000000046214462248097869350
0.000000000114950353690608936241
0.000000000002077232058171897407
