0.000000008375562190276764304336
0.000000004427321755668241612064
0.000000000315549998267583283773
0.000000000187848092082695998689
0.000000000090835478606989547532
0.000000000046976880238333544201
0.000000000075258318895140484478
0.000000000014249649629299991541
0.000000000002534189857392679180
0.000000000038375770178983811151
0.000000000037003301970103548377
0.000000000018564156791527990825
0.000000000038418960391502925225
0.000000000015041000265523971157
0.000000000011737216988236752386
0.000000000020076145489683304509
0.000000000007997954597453358174
0.000000000016046520054986730820
0.000000000016051943806211993652
0.000000000009648781696177257279
0.000000000019340869584100783189
0.000000000009329205375539166001
0.000000000013997610737424454530
0.000000000010079083800854721603
0.000000000009036754881833689853
0.000000000010468653066850791882
0.000000000005193794698430464483
0.000000000008824824329799803177
0.000000000004565455650194561654
0.000000000006123186286039894711
0.000000000004124635651220109978
0.000000000004829952641760493852
0.000000000003423832003020018146
0.000000000003803049010363713446
0.000000000003060227531948527941
0.000000000002929267173031584068
0.000000000002616280443298480443
0.000000000002381839365058248615
0.000000000002297806871770120720
0.000000000001770218344257189303
0.000000000002262536878727524220
0.000000000001147584447350211713
0.000000000002049896482835715501
0.000000000000869077251023399422
0.000000000001499492372541695216
0.000000000000856486803535805530
0.000000000001017538421130150437
0.000000000000781759145452500677
0.000000000000928547115310938310
0.000000000000483971403004668353
0.000000000001098015631517263250
0.000000000000171422939564109206
0.000000000001046876802488589078
0.000000000000161025240586045241
0.000000000000618492090225141698
0.000000000000382515409223535218
0.000000000000198995797021416681
0.000000000000437127086031564290
0.000000000000258308017286284675
0.000000000000180213372378487632
0.000000000000542790567164608975
0.000000000000006798567918829381
0.000000000000440158103328450211
0.000000000000167277540200730021
0.000000000000049224390867591788
0.000000000000310712659375447130
0.000000000000164729937958609712
0.000000000000165304208622180793
0.000000000000497039808615921900
0.000000000000011042770584185126
0.000000000000194219743192127118
0.000000000000141021922612654707
0.000000000000048388337549099651
0.000000000000229344436316687738
0.000000000000540987560393250251
0.000000000000085135928929342320
0.000000000000285566191298616416
0.000000000000075887488228564398
0.000000000000142955540026365674
0.000000000000101936347576248667
0.000000000000854955208890551744
0.000000000000532152642293903447
0.000000000000036110885109445068
0.000000000000275365464281001772
0.000000000000524510948487923429
0.000000000002854934310908891736
0.000000000000596696385900228966
0.000000000001111962086931532476
0.000000000000860251285991559343
0.000000000000393388489055775461
0.000000000001379725360061092464
0.000000000004527408303123937470
0.000000000002493868047130716281
0.000000000006942795580731504306
0.000000000008215520781481432011
0.000000000000527047394429271158
0.000000000012266041687034709160
0.000000000009899452393896239069
0.000000000009662260031962791678
