0.000000007143419919695610132534
0.000000004389979964347861477459
0.000000000751224165450022195423
0.000000000005785035372937480387
0.000000000051731028055949641187
0.000000000029995614141020931459
0.000000000055561858089479086365
0.000000000015320502740046286455
0.000000000044749607331882917439
0.000000000038838556268225752197
0.000000000007249761179509497359
0.000000000011857447115958200688
0.000000000020004708375032386221
0.000000000010401092704149289823
0.000000000014205337202113404593
0.000000000023283024811467977714
0.000000000011736137615028145819
0.000000000015061834978120116683
0.000000000016631362165373249789
0.000000000008498939856053383703
0.000000000012040632748241399208
0.000000000009092124892658204828
0.000000000005750808276875979413
0.000000000009540893462460335852
0.000000000005483070216914653743
0.000000000005337224213129276197
0.000000000007013777479163635206
0.000000000003747775136144835446
0.000000000006009264048747126414
0.000000000004093635335724103857
0.000000000004065712427686891279
0.000000000005057072743664535589
0.000000000002502942065339402683
0.000000000004536792071592700163
0.000000000002618916115752358341
0.000000000003092565089261979129
0.000000000002642629829140129357
0.000000000002311990917656178496
0.000000000002396236730938395477
0.000000000001551357135113570129
0.000000000002469474735282201436
0.000000000000876405374969270982
0.000000000002231469493890935232
0.000000000000897472688272485262
0.000000000001380754999991796863
0.000000000001302665872576079273
0.000000000000591083599834041437
0.000000000001241900349552226283
0.000000000000446758831981208111
0.000000000000745069596687525496
0.000000000000499594483321104609
0.000000000000585633910516424765
0.000000000000251653968059525385
0.000000000000784251927296111124
0.000000000000143320935107187823
0.000000000000568919815884542516
0.000000000000517408350448703447
0.000000000000087396532497025970
0.000000000000610370764896000022
0.000000000000088044042531225195
0.000000000000180401477117966259
0.000000000000236821280830412662
0.000000000000162377981917549402
0.000000000000024905403661273022
0.000000000000420921853848973824
0.000000000000141858356702459892
0.000000000000171348817586374095
0.000000000000393068369025425625
0.000000000000020873406695708040
0.000000000000068148453021915313
0.000000000000135526952443029179
0.000000000000149783710035616800
0.000000000000050837710288198041
0.000000000000425302336334925096
0.000000000000229864704415906607
0.000000000000085222950324493706
0.000000000000091069153085900242
0.000000000000040895152260478870
0.000000000000082767650247529536
0.000000000000379424816834880202
0.000000000000289508000416183225
0.000000000000293778192772774917
0.000000000000584497581311490560
0.000000000000466776733525185102
0.000000000001302206181749732987
0.000000000000097647406744588876
0.000000000002892871901884350815
0.000000000002567956544950965800
0.000000000000474515125637087394
0.000000000001024641041944964031
0.000000000000955051035827365119
0.000000000001828601047143629733
0.000000000000782702050479598107
0.000000000009100805601351484840
0.000000000003868235368152391529
0.000000000006153427339889808035
0.000000000014201070710189119698
0.000000000003964297780649659244
0.000000000001290792315115287530
