0.000000058606154867664365269864
0.000000009328263696309365515252
0.000000001173639675832979554092
0.000000000118156084338689228041
0.000000000026236928651530594923
0.000000000236200407368292556546
0.000000000009864249718676745783
0.000000000140952838498444934942
0.000000000052033089711415205752
0.000000000088214547834599368741
0.000000000033743333986541335279
0.000000000063456504815368607051
0.000000000078778363627539709079
0.000000000036905422054463341022
0.000000000064673702332341200776
0.000000000026918464355361367581
0.000000000037328413966905457656
0.000000000049011003987522793266
0.000000000030684110569787091352
0.000000000042055378794276119571
0.000000000038183334689741441871
0.000000000022228845562121027691
0.000000000027088282659400548275
0.000000000021429721275043458104
0.000000000017691424705763847060
0.000000000021030858705167890415
0.000000000016444652265577939366
0.000000000017399019607759760811
0.000000000019787048968575404908
0.000000000014966616515406041297
0.000000000011988864382393390369
0.000000000016671385956503907289
0.000000000015013533272183912090
0.000000000008187354250790775653
0.000000000009327020068425799134
0.000000000010857079017213340012
0.000000000009539453353763367678
0.000000000005595638666078204212
0.000000000004478258826727897170
0.000000000006680416668400146846
0.000000000006675389736441647996
0.000000000003587245891647951845
0.000000000002098906777163526986
0.000000000003911814194718612207
0.000000000003994707759293525202
0.000000000002211812248721424877
0.000000000001666045262216484699
0.000000000001338155385603730439
0.000000000001888426121767698100
0.000000000002665611199200026960
0.000000000000975450080925984403
0.000000000000462032040863530200
0.000000000001891473184420790321
0.000000000000988639609966886899
0.000000000000483166532692435843
0.000000000000864921723053228308
0.000000000000127015085782166107
0.000000000001044030798346662454
0.000000000001202493050520627197
0.000000000000015405444277780913
0.000000000000711375859482138849
0.000000000000309614167747457061
0.000000000000352271578204681792
0.000000000001029473519392741415
0.000000000000053012813430405550
0.000000000000637139191164174626
0.000000000000295208586572653746
0.000000000000354797917624510284
0.000000000000857430514825384139
0.000000000000128137566041061605
0.000000000000629186810604335736
0.000000000000013209561512063579
0.000000000000875153302808725645
0.000000000000668572147480897253
0.000000000000248093293524542886
0.000000000000118360026388242850
0.000000000000624350207026557884
0.000000000001297704482831460658
0.000000000000068113918590636771
0.000000000000204515182156234942
0.000000000000648520479094699249
0.000000000001217653375319627048
0.000000000000345655191412813564
0.000000000003207305315418209304
0.000000000000036407277747239081
0.000000000004227352734796797306
0.000000000007372576495945466461
0.000000000000682177218870563227
0.000000000001267746233232055379
0.000000000000969520795061917283
0.000000000016834212594536178325
0.000000000012538765330552900635
0.000000000000426616165242868317
0.000000000001819571509534335114
0.000000000021891630654921764289
0.000000000033402454494632729424
0.000000000002957840793200188334
0.000000000049515819937215167248
0.000000000005131128951314247789
