0.000000283283367495859245626744
0.000000000181783318515181068952
0.000000000451887397639082215870
0.000000000827266960058177764072
0.000000000022238256082594549934
0.000000000453618952269716555070
0.000000000196481526290206073555
0.000000000129469340148066182806
0.000000000062808044195456635587
0.000000000153724500645533507740
0.000000000241573835453216028042
0.000000000153415418320925297858
0.000000000103562781277982702852
0.000000000098774771030832077877
0.000000000081225433115335105151
0.000000000057760413781063524707
0.000000000078141421852744229360
0.000000000094714716932835432787
0.000000000101306402437839055162
0.000000000081604844886757558807
0.000000000073796461793125042825
0.000000000072038948772363357573
0.000000000071945054733495075606
0.000000000077418481621742434354
0.000000000072018613108093927959
0.000000000059255843412947310865
0.000000000049485021829316777488
0.000000000039776024459866921879
0.000000000029040052965616291616
0.000000000022185755025572930138
0.000000000020774923121168338533
0.000000000022898967643479894198
0.000000000025733794969984915818
0.000000000026339842995201372888
0.000000000023606288478971174875
0.000000000018624413934604546409
0.000000000013386234081404549221
0.000000000010511705347256825125
0.000000000011618457105599208685
0.000000000015166677690113623792
0.000000000017142855419131280887
0.000000000014788783287435023305
0.000000000009381657313414460179
0.000000000004745776564596235650
0.000000000003528315591294450673
0.000000000005143998260641208942
0.000000000007017287299450425661
0.000000000006958671301806049324
0.000000000004725566668583081902
0.000000000002122680517340273902
0.000000000001090958385192699948
0.000000000001755851054699897499
0.000000000002902519728531214525
0.000000000003410615285931669968
0.000000000002791017900963555913
0.000000000001698627076204274937
0.000000000001591363751869467302
0.000000000002390587316609256254
0.000000000002786655844658302056
0.000000000002159167424380827145
0.000000000001059246640989886952
0.000000000000879766884189629971
0.000000000000825068102823414667
0.000000000000246386537816239917
0.000000000000092116423993502010
0.000000000000642903913277604861
0.000000000000618538590869372096
0.000000000001048804334471810739
0.000000000002277549167367148945
0.000000000001858563688743126664
0.000000000000154414516609360229
0.000000000000365671503856467581
0.000000000000283134364008521488
0.000000000000923687085550749704
0.000000000002891668508226853503
0.000000000000966691168943121694
0.000000000000302239070042615312
0.000000000000805987347899057641
0.000000000000566793127738250290
0.000000000003325250622369691819
0.000000000000690888517102194677
0.000000000001647227100607832935
0.000000000002037173110938637697
0.000000000000287686512250232213
0.000000000003419977910658999829
0.000000000000850471107807094441
0.000000000006054009048041026512
0.000000000001521869514396065155
0.000000000010680745644938358660
0.000000000022712248466383286831
0.000000000050036366589832003929
0.000000000005510116740298118243
0.000000000016850931243591177367
0.000000000008103600257711514516
0.000000000011989698718119548990
0.000000000052545004079188837264
0.000000000073756593744222788646
0.000000000312685471602568723571
0.000000000014786464756970241773
