0.000000000000000068300995277943
0.000000000000000068226898416223
0.000000000000000068004947652206
0.000000000000000067636160644685
0.000000000000000067122227487945
0.000000000000000066465501747176
0.000000000000000065668987989654
0.000000000000000064736325892480
0.000000000000000063671771029607
0.000000000000000062480172461983
0.000000000000000061166947274737
0.000000000000000059738052224227
0.000000000000000058199952675402
0.000000000000000056559589026050
0.000000000000000054824340829115
0.000000000000000053001988837155
0.000000000000000051100675204172
0.000000000000000049128862089372
0.000000000000000047095288914846
0.000000000000000045008928534708
0.000000000000000042878942576803
0.000000000000000040714636219797
0.000000000000000038525412668202
0.000000000000000036320727585811
0.000000000000000034110043744069
0.000000000000000031902786136264
0.000000000000000029708297801059
0.000000000000000027535796590017
0.000000000000000025394333103381
0.000000000000000023292750006675
0.000000000000000021239642927775
0.000000000000000019243323120111
0.000000000000000017311782062709
0.000000000000000015452658152070
0.000000000000000013673205624517
0.000000000000000011980265830769
0.000000000000000010380240967304
0.000000000000000008879070351667
0.000000000000000007482209311407
0.000000000000000006194610738993
0.000000000000000005020709347860
0.000000000000000003964408647952
0.000000000000000003029070642802
0.000000000000000002217508234381
0.000000000000000001531980306891
0.000000000000000000974189446311
0.000000000000000000545282239059
0.000000000000000000245852080516
0.000000000000000000075944412576
0.000000000000000000035064298806
0.000000000000000000122186236221
0.000000000000000000335766094273
0.000000000000000000673755064231
0.000000000000000001133615495861
0.000000000000000001712338493147
0.000000000000000002406463136607
0.000000000000000003212097196755
0.000000000000000004124939201102
0.000000000000000005140301716087
0.000000000000000006253135705081
0.000000000000000007458055824367
0.000000000000000008749366520500
0.000000000000000010121088794748
0.000000000000000011566987503291
0.000000000000000013080599065450
0.000000000000000014655259456409
0.000000000000000016284132365535
0.000000000000000017960237406478
0.000000000000000019676478270672
0.000000000000000021425670721581
0.000000000000000023200570332954
0.000000000000000024993899880458
0.000000000000000026798376302231
0.000000000000000028606737150128
0.000000000000000030411766459618
0.000000000000000032206319972430
0.000000000000000033983349652047
0.000000000000000035735927437999
0.000000000000000037457268190548
0.000000000000000039140751782784
0.000000000000000040779944302270
0.000000000000000042368618329273
0.000000000000000043900772263136
0.000000000000000045370648672564
0.000000000000000046772751649510
0.000000000000000048101863149856
0.000000000000000049353058307272
0.000000000000000050521719709490
0.000000000000000051603550628707
0.000000000000000052594587199991
0.000000000000000053491209543384
0.000000000000000054290151826936
0.000000000000000054988511269094
0.000000000000000055583756079839
0.000000000000000056073732340654
0.000000000000000056456669823879
0.000000000000000056731186752245
0.000000000000000056896293499534
0.000000000000000056951395233178
