0.000000000000000005474173025784
0.000000000000000005468417740829
0.000000000000000005451176679794
0.000000000000000005422524109544
0.000000000000000005382583426709
0.000000000000000005331526587552
0.000000000000000005269573313941
0.000000000000000005196990079551
0.000000000000000005114088881565
0.000000000000000005021225804230
0.000000000000000004918799381694
0.000000000000000004807248768577
0.000000000000000004687051727678
0.000000000000000004558722445133
0.000000000000000004422809184185
0.000000000000000004279891789510
0.000000000000000004130579054731
0.000000000000000003975505966396
0.000000000000000003815330838240
0.000000000000000003650732350023
0.000000000000000003482406505612
0.000000000000000003311063525293
0.000000000000000003137424687489
0.000000000000000002962219135216
0.000000000000000002786180662628
0.000000000000000002610044496974
0.000000000000000002434544091165
0.000000000000000002260407941936
0.000000000000000002088356448307
0.000000000000000001919098824693
0.000000000000000001753330082569
0.000000000000000001591728094111
0.000000000000000001434950750656
0.000000000000000001283633228209
0.000000000000000001138385371546
0.000000000000000000999789207733
0.000000000000000000868396599118
0.000000000000000000744727045029
0.000000000000000000629265640587
0.000000000000000000522461200160
0.000000000000000000424724552096
0.000000000000000000336427010478
0.000000000000000000257899028707
0.000000000000000000189429038816
0.000000000000000000131262479483
0.000000000000000000083601014806
0.000000000000000000046601944987
0.000000000000000000020377809194
0.000000000000000000004996179992
0.000000000000000000000479647886
0.000000000000000000006805993706
0.000000000000000000023908545779
0.000000000000000000051676718072
0.000000000000000000089956724766
0.000000000000000000138552466083
0.000000000000000000197226579504
0.000000000000000000265701649950
0.000000000000000000343661571973
0.000000000000000000430753056446
0.000000000000000000526587273864
0.000000000000000000630741625891
0.000000000000000000742761636480
0.000000000000000000862162953565
0.000000000000000000988433452044
0.000000000000000001121035428591
0.000000000000000001259407878632
0.000000000000000001402968845688
0.000000000000000001551117833241
0.000000000000000001703238269182
0.000000000000000001858700012930
0.000000000000000002016861895342
0.000000000000000002177074281562
0.000000000000000002338681647124
0.000000000000000002501025157690
0.000000000000000002663445243010
0.000000000000000002825284155862
0.000000000000000002985888506950
0.000000000000000003144611766970
0.000000000000000003300816727321
0.000000000000000003453877911204
0.000000000000000003603183927159
0.000000000000000003748139757394
0.000000000000000003888168973578
0.000000000000000004022715873115
0.000000000000000004151247529258
0.000000000000000004273255748761
0.000000000000000004388258931164
0.000000000000000004495803824126
0.000000000000000004595467169637
0.000000000000000004686857236277
0.000000000000000004769615233115
0.000000000000000004843416601169
0.000000000000000004907972178779
0.000000000000000004963029237602
0.000000000000000005008372386334
0.000000000000000005043824339642
0.000000000000000005069246550198
0.000000000000000005084539702051
0.000000000000000005089644064009
