0.000000148009580093628902749446
0.000000003861012143111207134330
0.000000000841333233475497721218
0.000000000348098247169558010015
0.000000000063827569756177936011
0.000000000280350607175843206293
0.000000000058224818550832180714
0.000000000114910099058988478473
0.000000000178202394985118460597
0.000000000066878613591553639755
0.000000000073491051286429474296
0.000000000136140221707315420391
0.000000000099920334340995799650
0.000000000052551699827083380617
0.000000000066897447139992721526
0.000000000090032357271802329298
0.000000000089297137389783660099
0.000000000057646332568355364233
0.000000000042519937196144364012
0.000000000044891980770182173732
0.000000000057036275234801420050
0.000000000058101166702207069558
0.000000000053164173757803571194
0.000000000037502993427031592623
0.000000000030827064166927532387
0.000000000026174183919594936211
0.000000000028172998118097884749
0.000000000032682577893534273946
0.000000000031512569211977794617
0.000000000030890228800629418864
0.000000000028019248329798883910
0.000000000021645091188664469658
0.000000000017446594733094404744
0.000000000015630332554112921295
0.000000000013154578219485768528
0.000000000010848607537327866813
0.000000000009769239359128533515
0.000000000008609824117513683574
0.000000000006761543586197961105
0.000000000005078753557952748238
0.000000000004381790644737809778
0.000000000004349066283050337035
0.000000000004127562431854246778
0.000000000003430822010199643096
0.000000000002436320033012724390
0.000000000001498625872505797703
0.000000000001038508213413146572
0.000000000001189796597497561447
0.000000000001716972659381977644
0.000000000002104692524097182278
0.000000000001765930743352185048
0.000000000000934178443738965615
0.000000000000301408547616600735
0.000000000000355231009450275828
0.000000000001008339968768648626
0.000000000001528410859061752133
0.000000000001295367222125590160
0.000000000000399821884930648009
0.000000000000032274057246747688
0.000000000000623699579960376976
0.000000000001312956683659196850
0.000000000000988383829878990004
0.000000000000177963276938381270
0.000000000000164664533088918748
0.000000000000917603471125884490
0.000000000001051678365166363675
0.000000000000216216043169263699
0.000000000000192615466920240438
0.000000000000944467347136474393
0.000000000000710581637879852226
0.000000000000131944217687417389
0.000000000000589803323455475145
0.000000000000822865540326986230
0.000000000000262752642819310969
0.000000000000509608574976758842
0.000000000000786100284515381512
0.000000000000259819766647589626
0.000000000000676394954552471541
0.000000000000752748599435141259
0.000000000000180176808685999567
0.000000000001182333482565052043
0.000000000000321786437292638531
0.000000000001247627924941523440
0.000000000000687893863453592347
0.000000000001910470677759257250
0.000000000000505295072904617174
0.000000000005998682569927675891
0.000000000001726172187926074307
0.000000000003917196007438870411
0.000000000006011661579456559904
0.000000000009598105758417966430
0.000000000010971375430825557023
0.000000000000640170529554750982
0.000000000027154898350850503224
0.000000000021678065407141862171
0.000000000018147639536350081363
0.000000000069679263352915800367
0.000000000102535710115395528345
0.000000000011757319228590483458
