0.000000000178827964155324852878
0.000000000166771737468937061915
0.000000000134832564144856225770
0.000000000093551695320402987202
0.000000000054668402152339978048
0.000000000026100583512539427850
0.000000000009734743289441606213
0.000000000002691459438797114927
0.000000000000533968685242146142
0.000000000000047311395481721203
0.000000000000095448974356943083
0.000000000000744456577823043013
0.000000000001971025805885644849
0.000000000003151701310012442463
0.000000000003523734796473225708
0.000000000002906730799258937585
0.000000000001886000816792373793
0.000000000001294394313544353456
0.000000000001508806487633481931
0.000000000002196828141818768721
0.000000000002684060518440680770
0.000000000002553643125692826163
0.000000000001941011209277454905
0.000000000001324065269029608178
0.000000000001070058171270394628
0.000000000001164983990807860968
0.000000000001319702886753205926
0.000000000001285018365237417291
0.000000000001057227497073969046
0.000000000000815948243187501197
0.000000000000709685184785513345
0.000000000000721479834945215801
0.000000000000725321658566305372
0.000000000000639218514105408961
0.000000000000503333981107763419
0.000000000000416437436627482100
0.000000000000419030265821407266
0.000000000000453741168246901483
0.000000000000435691890159724401
0.000000000000346233742285680815
0.000000000000248460616929265548
0.000000000000215334778322721268
0.000000000000253043373011716129
0.000000000000298706998550418111
0.000000000000287559954609218202
0.000000000000215615422368061039
0.000000000000137360102441571469
0.000000000000109069216471243870
0.000000000000138238762465000897
0.000000000000183809117735967065
0.000000000000197807781370095148
0.000000000000164950935159158591
0.000000000000108527671020299880
0.000000000000065926270548162687
0.000000000000059231998157454312
0.000000000000082563973392995964
0.000000000000110705491322222316
0.000000000000119285404829909247
0.000000000000101540281849521225
0.000000000000070374928498735160
0.000000000000045435219436645930
0.000000000000037141819422749897
0.000000000000042121778200867195
0.000000000000052384772255968462
0.000000000000065314461670411168
0.000000000000081330081025941732
0.000000000000093270411372729418
0.000000000000085584470747577999
0.000000000000051771381035939980
0.000000000000012844423346766640
0.000000000000009583144149577750
0.000000000000065545263939748423
0.000000000000154346381842906771
0.000000000000210674450578290422
0.000000000000185154197541883343
0.000000000000094768121553229428
0.000000000000016053846078571307
0.000000000000019606720103929195
0.000000000000104246433239170588
0.000000000000195976201263113294
0.000000000000218237660951595871
0.000000000000169368230392673115
0.000000000000130278477791482136
0.000000000000187760746655504541
0.000000000000341333501722591581
0.000000000000485032571720167051
0.000000000000491885154187163688
0.000000000000331774823976591000
0.000000000000113851997505866814
0.000000000000005943030415815953
0.000000000000095169377021512898
0.000000000000312726345329488032
0.000000000000491698252176948950
0.000000000000506081182261098421
0.000000000000365532551630497959
0.000000000000185586108188194912
0.000000000000073277339151000016
0.000000000000044345995119395193
0.000000000000045884558260088964
