0.000000000009384232523465284850
0.000000000009173308056714291980
0.000000000008564396813043571073
0.000000000007625258720750846940
0.000000000006456819091236981303
0.000000000005177605609282119267
0.000000000003906299379032839578
0.000000000002745575401631550215
0.000000000001769972869630611734
0.000000000001019562902276618350
0.000000000000499916076796807149
0.000000000000187611634785963568
0.000000000000039549145098494006
0.000000000000003809307756764396
0.000000000000029826359220609057
0.000000000000076114770301651275
0.000000000000114572663616909718
0.000000000000131249790648102039
0.000000000000124213591152344060
0.000000000000099624269847805088
0.000000000000067275442521474323
0.000000000000036695328387527099
0.000000000000014527996538764196
0.000000000000003452985707088805
0.000000000000002480394677607351
0.000000000000008169804784882484
0.000000000000016207409026645362
0.000000000000022827201218190796
0.000000000000025730343263893892
0.000000000000024373845879812387
0.000000000000019699329535526056
0.000000000000013507270947017422
0.000000000000007731222952206668
0.000000000000003836217270623901
0.000000000000002481608871387999
0.000000000000003485271576636545
0.000000000000006035268465336701
0.000000000000009038563699650552
0.000000000000011481841106056885
0.000000000000012701938313885654
0.000000000000012508902268278577
0.000000000000011156150024219660
0.000000000000009194655978630998
0.000000000000007272059987608552
0.000000000000005940564616736594
0.000000000000005523001112805011
0.000000000000006061864887748067
0.000000000000007349906855715899
0.000000000000009020122717589280
0.000000000000010661920046177961
0.000000000000011929723031810078
0.000000000000012618308702872068
0.000000000000012692036264722188
0.000000000000012268687258879925
0.000000000000011569429148198496
0.000000000000010852393599259188
0.000000000000010348060376751670
0.000000000000010210952654444173
0.000000000000010495820808630190
0.000000000000011159510215366284
0.000000000000012083794522197045
0.000000000000013110721420542548
0.000000000000014080848120900892
0.000000000000014865871775639886
0.000000000000015389873014532511
0.000000000000015636786712800355
0.000000000000015644940976310242
0.000000000000015491931913218202
0.000000000000015274400598041265
0.000000000000015087424330088788
0.000000000000015007438938270363
0.000000000000015081224082414338
0.000000000000015321897862443740
0.000000000000015711421423000811
0.000000000000016208047196218834
0.000000000000016756570959503906
0.000000000000017299166916737263
0.000000000000017784906703730647
0.000000000000018176645882714331
0.000000000000018454648831414598
0.000000000000018616974893199905
0.000000000000018677162085634861
0.000000000000018660062804171399
0.000000000000018596797839816258
0.000000000000018519727267078498
0.000000000000018458140759719965
0.000000000000018435107588023607
0.000000000000018465657298194135
0.000000000000018556232702771166
0.000000000000018705195950709260
0.000000000000018904085356524272
0.000000000000019139307980600837
0.000000000000019393992092928150
0.000000000000019649791363615993
0.000000000000019888507007348399
0.000000000000020093458936567696
0.000000000000020250583612331478
0.000000000000020349263239414842
0.000000000000020382901744813379
