0.000000003838538113276499132623
0.000000002412646824756660171258
0.000000000409846823381566545225
0.000000000023289062375593489449
0.000000000169034416964632025784
0.000000000056495361330567625540
0.000000000004700433438448208244
0.000000000019852807939831098889
0.000000000023338295460031765582
0.000000000014235621118942741080
0.000000000007636454579090673141
0.000000000026834893601557642718
0.000000000024207461954835238876
0.000000000009531654604739016595
0.000000000016422807219414072737
0.000000000015656253385881302854
0.000000000006793201809738393315
0.000000000009877561254873543075
0.000000000010664651491112185302
0.000000000005465609051905438844
0.000000000007152784961793401741
0.000000000008409132903740168420
0.000000000005855398118403006816
0.000000000006459711347322225838
0.000000000006604051579284949475
0.000000000005361905746724527636
0.000000000005618605062271525691
0.000000000005784906692343919525
0.000000000004278833282130716657
0.000000000004328294172482989880
0.000000000005066894469017997618
0.000000000003036772882182033875
0.000000000003582556062557065953
0.000000000003736961291400128112
0.000000000002136970162576864006
0.000000000003150501489094321570
0.000000000002135733439577959077
0.000000000001988122049977638847
0.000000000002245870679835633225
0.000000000001247170697724524914
0.000000000001915818546895099801
0.000000000001079089200141070183
0.000000000001264975049040507949
0.000000000001213021588598646025
0.000000000000606137138470496261
0.000000000001306237946085328698
0.000000000000404463759591484813
0.000000000000831586962729341335
0.000000000000839040258453494823
0.000000000000187203824998276837
0.000000000000836965001159207456
0.000000000000321441746911578397
0.000000000000252925442670560561
0.000000000000429620640548170862
0.000000000000206865653526842661
0.000000000000159755785189540873
0.000000000000210337964811329056
0.000000000000313496286598101769
0.000000000000029189574536720494
0.000000000000246915597302555800
0.000000000000308899200913501705
0.000000000000001259205568582624
0.000000000000222472013178595428
0.000000000000228417735178200559
0.000000000000005680023674709988
0.000000000000106538878077036186
0.000000000000178646115354994349
0.000000000000040770638938988581
0.000000000000017109925690720758
0.000000000000130744973938593433
0.000000000000137483904944686192
0.000000000000029122896994034308
0.000000000000164506999826714404
0.000000000000251923365404125434
0.000000000000055149390120011467
0.000000000000068433421853287265
0.000000000000083549162535834837
0.000000000000120795638723780881
0.000000000000050290584456312932
0.000000000000228369694792212473
0.000000000000793254774717375657
0.000000000000213310171301452608
0.000000000000244709600573654345
0.000000000000569843009839109962
0.000000000000797205130650814991
0.000000000002570460208192524064
0.000000000001141280865694658821
0.000000000000356032007964939023
0.000000000001547271376236806385
0.000000000000133597782592816413
0.000000000000340576954842129216
0.000000000000203756902269329909
0.000000000005032628056997419098
0.000000000007523543599536142848
0.000000000002104082393588225631
0.000000000008913356865794177425
0.000000000011222259640254507075
0.000000000002534171210640881067
0.000000000000193741430083597368
