0.000000028041509110363446045304
0.000000007660815569750662467064
0.000000000345384240061384884753
0.000000000356499946779947479497
0.000000000032016638189383267045
0.000000000095474932836012573159
0.000000000061423878785949234967
0.000000000098609084176056394966
0.000000000042352717444190520970
0.000000000024165519215029671953
0.000000000063644734554222596040
0.000000000033368732022555052105
0.000000000061047858942560639832
0.000000000027621152503867263563
0.000000000039069113765124959799
0.000000000019808180447088193759
0.000000000033606864132699926248
0.000000000025640775721828976545
0.000000000028984472071081539186
0.000000000028274826888376904764
0.000000000022688668383205928102
0.000000000025262962863607374374
0.000000000015282447361047368928
0.000000000021935692650490521861
0.000000000011218608467721398606
0.000000000017179257525247235957
0.000000000011556949023171260972
0.000000000011034803110325013775
0.000000000013591162954540051176
0.000000000007272618274498029381
0.000000000012169020199802415204
0.000000000008239287987370935766
0.000000000007422428002725816558
0.000000000009002848664262378360
0.000000000006310100687189911410
0.000000000005576775003526289868
0.000000000007449248564719783974
0.000000000004079536582447928828
0.000000000004446977572760359937
0.000000000005534240687781124326
0.000000000002443603698532997934
0.000000000003477689524823119488
0.000000000003846174215090474786
0.000000000001529300874069959253
0.000000000002518834673794630992
0.000000000002293969620518258655
0.000000000001241399325526277262
0.000000000001161372799599401164
0.000000000002268188560966358505
0.000000000000472250119082132100
0.000000000001333220562268035786
0.000000000001452594028653368054
0.000000000000179755873031921516
0.000000000000990358912092082233
0.000000000000354530766182169900
0.000000000000567858943688576550
0.000000000000106724457753895457
0.000000000000958492187465442327
0.000000000000061079087581637114
0.000000000000694368696902628412
0.000000000000193928236926716736
0.000000000000303662856890093879
0.000000000000075939621753497030
0.000000000000430498362458998163
0.000000000000157904118467845273
0.000000000000434078921477904826
0.000000000000193570283341596849
0.000000000000233578592243505636
0.000000000000059082504860800984
0.000000000000401407750051566882
0.000000000000150011594403210348
0.000000000000476737483873166837
0.000000000000076132733227536484
0.000000000000227632514506246651
0.000000000000118160416099771138
0.000000000000565554032937315116
0.000000000000247556870693101752
0.000000000000195085113458039369
0.000000000000139922044591485896
0.000000000000379643904381823663
0.000000000000564365486631379646
0.000000000000425576271547474856
0.000000000000280948330008371937
0.000000000000148344198682853869
0.000000000003830455099290990515
0.000000000000793571462841643017
0.000000000001546643497116848406
0.000000000005942896288252514162
0.000000000000932427647467570957
0.000000000000041326783844666179
0.000000000005351736587222667528
0.000000000005430608780164587902
0.000000000014477483716023307101
0.000000000005872196905632986666
0.000000000003456815210422969141
0.000000000023501133275889269565
0.000000000025994189385806110992
0.000000000032680153956757377875
0.000000000000344698574241113003
