0.000000136718145750594610230550
0.000000005339781175628427622251
0.000000001142122961759604793916
0.000000000154426486211134675896
0.000000000455243572291998624170
0.000000000010922311720760759462
0.000000000223214014351328551886
0.000000000154451003874536351478
0.000000000035140726619851540142
0.000000000156138152206269333858
0.000000000123111860260957973164
0.000000000042502391126015543582
0.000000000088059578829833671117
0.000000000119579817838786945248
0.000000000067779484154936392827
0.000000000043087517705336201952
0.000000000064913931037578724373
0.000000000077970706944539495760
0.000000000066519841738937190381
0.000000000041658987050976431681
0.000000000038899622747086508095
0.000000000043633080950497263433
0.000000000050989237858885310101
0.000000000043345151663596111138
0.000000000031342961502308246313
0.000000000023682053304062977414
0.000000000020959354018163829491
0.000000000027901107452099174155
0.000000000031819104327582165924
0.000000000033423285050754234248
0.000000000033196906062169883353
0.000000000027008722291704139160
0.000000000021270880671564670368
0.000000000018417732863730591666
0.000000000014969947943815437204
0.000000000011194542677908100469
0.000000000008680657736174468713
0.000000000006644495424636187948
0.000000000004520599924814259078
0.000000000003330363011733090562
0.000000000003226950467736021331
0.000000000003239398360580816552
0.000000000002705906838729709721
0.000000000002048674303634112657
0.000000000002102193226939506493
0.000000000002973621004040529883
0.000000000003937634668530945493
0.000000000004101196013026550597
0.000000000003271501258943301350
0.000000000002056546491624378826
0.000000000001477953972267285103
0.000000000001991381320639269307
0.000000000002956238104874691719
0.000000000003061286520009622382
0.000000000001858672322284180584
0.000000000000642637955229575686
0.000000000000566261880033466249
0.000000000001485085905619147501
0.000000000002021696301572592769
0.000000000001336142620796041238
0.000000000000204569309691410959
0.000000000000312004327007889056
0.000000000001416946267900296490
0.000000000001511707910580861446
0.000000000000452657222801847368
0.000000000000086569958498218306
0.000000000001081612558213140653
0.000000000001365669489523358381
0.000000000000281331569885950738
0.000000000000198276676067614020
0.000000000001112049030200367517
0.000000000000748057658665683746
0.000000000000119528560336156102
0.000000000000580627467373123311
0.000000000000681901007960132533
0.000000000000409269754157488053
0.000000000000378724737717431759
0.000000000000449168304412484786
0.000000000000836574683374644216
0.000000000000359954209389000681
0.000000000000407458122242761137
0.000000000001715436767839049136
0.000000000000622226113860830089
0.000000000003093781339641287611
0.000000000007154707429599977279
0.000000000005504392277218253071
0.000000000006454646274845871006
0.000000000000337144725637017542
0.000000000005472131422337150556
0.000000000013305226072203501066
0.000000000012641805129391442340
0.000000000002171696771541055292
0.000000000003062964190198063331
0.000000000001262205452289747340
0.000000000015093261509763557200
0.000000000002024984693039369261
0.000000000055323393739989665756
0.000000000072948978665969918124
0.000000000006724042520642856352
