0.000000342692948689012022638956
0.000000000752964993102757633061
0.000000000388817381261770986995
0.000000001283846982418852358671
0.000000000214358853444815573557
0.000000000117303050030419141598
0.000000000082661537695392870033
0.000000000344698697139757463692
0.000000000235068125859622034264
0.000000000206151840798115020014
0.000000000143022298673527480185
0.000000000064155389708268302685
0.000000000094728144881523916824
0.000000000080924667450514320231
0.000000000069884319872917251676
0.000000000086210973269412432947
0.000000000100229467526312064784
0.000000000070040792688730278097
0.000000000054064503432272923800
0.000000000051841329279496396674
0.000000000055221317538059050710
0.000000000063023229037305692616
0.000000000062540478631820910848
0.000000000055698981858527208720
0.000000000053398191848296957242
0.000000000052351058916881359886
0.000000000047022734639179763263
0.000000000043732699625508997822
0.000000000047687672544446097280
0.000000000053317526075415933575
0.000000000048728260705225154742
0.000000000032835016704239748648
0.000000000020082022201535535748
0.000000000020000172098383018201
0.000000000024812694854265394934
0.000000000022408580399240500828
0.000000000013092969289781427632
0.000000000007879098387446501144
0.000000000011670994954383933818
0.000000000015736256857076376291
0.000000000011775257420945724658
0.000000000005671814472645329817
0.000000000006805780357355083117
0.000000000011572741650805363285
0.000000000010369105582291148270
0.000000000004545376640580393381
0.000000000002414338175867876189
0.000000000004148368568022350263
0.000000000003871802315765709708
0.000000000001598668306649064688
0.000000000001081860640084323230
0.000000000001687406913992886937
0.000000000001616461752401415947
0.000000000001652567453481612526
0.000000000001718862289349243964
0.000000000001327647085997650820
0.000000000001479508304489841299
0.000000000002204587137822036966
0.000000000001943580645634692102
0.000000000000887627556074425996
0.000000000001426502642873687708
0.000000000002215077288934012445
0.000000000000969308841688867635
0.000000000000565903640220886852
0.000000000001413034002721533242
0.000000000000811247676609817642
0.000000000000022156025552613434
0.000000000000516179069072447256
0.000000000000075052723564395194
0.000000000000686761078765153794
0.000000000001038780816813484369
0.000000000000419084719638930085
0.000000000003279430505956861793
0.000000000002277950983540391993
0.000000000000841237078616474518
0.000000000002374288141619475479
0.000000000000172506544071363165
0.000000000001348314922323203908
0.000000000000161943104187685646
0.000000000003571991798082837111
0.000000000002736967105580892012
0.000000000000894291821873825529
0.000000000002075422523283530253
0.000000000002979757710685182407
0.000000000008865087380738245050
0.000000000001577017608588514424
0.000000000000796751508696357656
0.000000000000813478175076003216
0.000000000008798274539066186544
0.000000000007278375531363052706
0.000000000014656848794544502540
0.000000000016544238126755588988
0.000000000040794305759474476298
0.000000000036849860237657866687
0.000000000009589597215659087435
0.000000000010393859918529053570
0.000000000101384835852211080858
0.000000000120158753003597356008
0.000000000107193528825321745068
