0.000000000000020023229377632564
0.000000000000019981454660801966
0.000000000000019856580043060547
0.000000000000019649947106526537
0.000000000000019363768574505185
0.000000000000019001093928499787
0.000000000000018565762234537084
0.000000000000018062343113235999
0.000000000000017496067015820135
0.000000000000016872746168195605
0.000000000000016198687712758767
0.000000000000015480600709151029
0.000000000000014725498748123478
0.000000000000013940599985461664
0.000000000000013133226415077837
0.000000000000012310704172513631
0.000000000000011480266593846964
0.000000000000010648961652963861
0.000000000000009823565265799117
0.000000000000009010501787665629
0.000000000000008215772843973004
0.000000000000007444895430712553
0.000000000000006702850004565714
0.000000000000005994039058994189
0.000000000000005322256457760891
0.000000000000004690667576373710
0.000000000000004101800089958715
0.000000000000003557545047606435
0.000000000000003059167692274372
0.000000000000002607327325199910
0.000000000000002202105377099952
0.000000000000001843040737086494
0.000000000000001529171305339942
0.000000000000001259080677548434
0.000000000000001030948837635029
0.000000000000000842605729401127
0.000000000000000691586595882150
0.000000000000000575188015410349
0.000000000000000490523623173247
0.000000000000000434578583695414
0.000000000000000404261970192494
0.000000000000000396456308066471
0.000000000000000408063648820293
0.000000000000000436047654315714
0.000000000000000477471286662674
0.000000000000000529529813394118
0.000000000000000589578948483918
0.000000000000000655158055042009
0.000000000000000724008433331882
0.000000000000000794086806608388
0.000000000000000863574196027839
0.000000000000000930880443744889
0.000000000000000994644699823694
0.000000000000001053732233609750
0.000000000000001107227963874085
0.000000000000001154427124746284
0.000000000000001194823496805966
0.000000000000001228095635490088
0.000000000000001254091523120281
0.000000000000001272812057384647
0.000000000000001284393769108461
0.000000000000001289091136733539
0.000000000000001287258835208532
0.000000000000001279334224054181
0.000000000000001265820344237169
0.000000000000001247269657119580
0.000000000000001224268722017289
0.000000000000001197423972571265
0.000000000000001167348716878188
0.000000000000001134651452701638
0.000000000000001099925557546118
0.000000000000001063740384274040
0.000000000000001026633766532755
0.000000000000000989105914696722
0.000000000000000951614662398543
0.000000000000000914572006029211
0.000000000000000878341864777656
0.000000000000000843238976745588
0.000000000000000809528837267350
0.000000000000000777428578605303
0.000000000000000747108685476293
0.000000000000000718695438175965
0.000000000000000692273974180987
0.000000000000000667891859799427
0.000000000000000645563065486972
0.000000000000000625272241641201
0.000000000000000606979195830884
0.000000000000000590623477331196
0.000000000000000576128980355528
0.000000000000000563408483355877
0.000000000000000552368048081295
0.000000000000000542911208631578
0.000000000000000534942887434003
0.000000000000000528372981834493
0.000000000000000523119571778068
0.000000000000000519111705818306
0.000000000000000516291729417068
0.000000000000000514617126160636
0.000000000000000514061849123438
