0.000000000394763382687096583463
0.000000000345738620790821776914
0.000000000228149261951009771731
0.000000000106358644184887895757
0.000000000030456258634099108041
0.000000000006853065739886413202
0.000000000009471993963427453015
0.000000000011955752438709833249
0.000000000007368955926118742599
0.000000000002952214205057545843
0.000000000004454581238322036680
0.000000000009164907775926976136
0.000000000011144500522929257462
0.000000000008556686141644919005
0.000000000004507898431637610767
0.000000000002577561789928736773
0.000000000003256791890622052846
0.000000000004469703988026311545
0.000000000004321201227730627110
0.000000000002819839071460154986
0.000000000001363942026182785780
0.000000000001082385148607553139
0.000000000001777048562502442732
0.000000000002332418809199774319
0.000000000002007619769147447713
0.000000000001188043895375033553
0.000000000000794334403844330605
0.000000000001111422565641553801
0.000000000001505881547151557241
0.000000000001344941591947222291
0.000000000000833958084168847565
0.000000000000640056765623100627
0.000000000000907090266429116467
0.000000000001105705904825005095
0.000000000000873048238496364789
0.000000000000526799061994472487
0.000000000000512194680814855174
0.000000000000715313665411116059
0.000000000000711773537468717414
0.000000000000472309993446755335
0.000000000000359133898782077356
0.000000000000483304604971059627
0.000000000000538022482373930932
0.000000000000358196977028198646
0.000000000000212398717230300236
0.000000000000327028211680841231
0.000000000000480310094362182067
0.000000000000373415321007411952
0.000000000000140497989575279715
0.000000000000127410870519377252
0.000000000000321504445454401395
0.000000000000386505043238326038
0.000000000000212856378863211535
0.000000000000060411212146074321
0.000000000000111502851408356336
0.000000000000215348567443480358
0.000000000000190400015901999872
0.000000000000102748059729324393
0.000000000000085101914259183312
0.000000000000099984535311318823
0.000000000000065735299632203353
0.000000000000046512188569618725
0.000000000000120974422275936944
0.000000000000191334708621553543
0.000000000000128167657657805118
0.000000000000014357377858749574
0.000000000000032799001465157430
0.000000000000163657818278976439
0.000000000000209177233133652586
0.000000000000107629889822606058
0.000000000000010139265135744983
0.000000000000018983800574614745
0.000000000000052607078066590367
0.000000000000031464654849099555
0.000000000000008991429736975248
0.000000000000030412981119485732
0.000000000000038321769825081117
0.000000000000024955633402169152
0.000000000000097319776408089975
0.000000000000252781643818970575
0.000000000000284409400629634801
0.000000000000109847372327810102
0.000000000000002794446161707423
0.000000000000211362002532932264
0.000000000000505041084039456443
0.000000000000490993698933948899
0.000000000000302495454846290026
0.000000000000471512260768832824
0.000000000001028244512834860371
0.000000000001277655988580239453
0.000000000000786195066161794478
0.000000000000118132666627787130
0.000000000000100537262160823515
0.000000000000694140498598600133
0.000000000001204154947255178754
0.000000000001417481895994323984
0.000000000001791351627050643509
0.000000000002462108767712445904
0.000000000002829722024296132448
