0.000000000000000122229715308835
0.000000000000000122095403199037
0.000000000000000121693098415172
0.000000000000000121024692065675
0.000000000000000120093324262035
0.000000000000000118903366600931
0.000000000000000117460397810407
0.000000000000000115771172729449
0.000000000000000113843584836099
0.000000000000000111686622583164
0.000000000000000109310319842148
0.000000000000000106725700795024
0.000000000000000103944719649459
0.000000000000000100980195585837
0.000000000000000097845743373670
0.000000000000000094555700120464
0.000000000000000091125048637704
0.000000000000000087569337926110
0.000000000000000083904601295739
0.000000000000000080147272645625
0.000000000000000076314101432624
0.000000000000000072422066859910
0.000000000000000068488291812185
0.000000000000000064529957057340
0.000000000000000060564216223083
0.000000000000000056608112042178
0.000000000000000052678494341578
0.000000000000000048791940229191
0.000000000000000044964676907507
0.000000000000000041212507516142
0.000000000000000037550740375840
0.000000000000000033994121974937
0.000000000000000030556774006025
0.000000000000000027252134725991
0.000000000000000024092904876952
0.000000000000000021090998369329
0.000000000000000018257497891680
0.000000000000000015602615575213
0.000000000000000013135658804598
0.000000000000000010865001230884
0.000000000000000008798059007467
0.000000000000000006941272236332
0.000000000000000005300091579378
0.000000000000000003878969958945
0.000000000000000002681359242646
0.000000000000000001709711780638
0.000000000000000000965486638552
0.000000000000000000449160346637
0.000000000000000000160241965290
0.000000000000000000097292249175
0.000000000000000000257946676488
0.000000000000000000638942096835
0.000000000000000001236146740333
0.000000000000000002044593322258
0.000000000000000003058514971404
0.000000000000000004271383706586
0.000000000000000005675951183999
0.000000000000000007264291438569
0.000000000000000009027845344762
0.000000000000000010957466526432
0.000000000000000013043468451085
0.000000000000000015275672451251
0.000000000000000017643456424297
0.000000000000000020135803971914
0.000000000000000022741353751398
0.000000000000000025448448822644
0.000000000000000028245185787304
0.000000000000000031119463529646
0.000000000000000034059031382158
0.000000000000000037051536552729
0.000000000000000040084570664167
0.000000000000000043145715270714
0.000000000000000046222586230023
0.000000000000000049302876822648
0.000000000000000052374399524262
0.000000000000000055425126348656
0.000000000000000058443227691769
0.000000000000000061417109618695
0.000000000000000064335449546576
0.000000000000000067187230286548
0.000000000000000069961772417413
0.000000000000000072648764972401
0.000000000000000075238294428239
0.000000000000000077720871992765
0.000000000000000080087459193485
0.000000000000000082329491774779
0.000000000000000084438901915914
0.000000000000000086408138785676
0.000000000000000088230187452220
0.000000000000000089898586168814
0.000000000000000091407442057446
0.000000000000000092751445212842
0.000000000000000093925881249415
0.000000000000000094926642312978
0.000000000000000095750236577828
0.000000000000000096393796248121
0.000000000000000096855084080262
0.000000000000000097132498440537
0.000000000000000097225076909377
