0.000000000000000019185381684703
0.000000000000000019164967027010
0.000000000000000019103813155522
0.000000000000000019002189934572
0.000000000000000018860545672483
0.000000000000000018679504932008
0.000000000000000018459865482524
0.000000000000000018202594411357
0.000000000000000017908823416429
0.000000000000000017579843306979
0.000000000000000017217097743576
0.000000000000000016822176252781
0.000000000000000016396806555837
0.000000000000000015942846254372
0.000000000000000015462273919552
0.000000000000000014957179634129
0.000000000000000014429755039600
0.000000000000000013882282943037
0.000000000000000013317126540189
0.000000000000000012736718313072
0.000000000000000012143548661529
0.000000000000000011540154329125
0.000000000000000010929106684205
0.000000000000000010312999917071
0.000000000000000009694439213956
0.000000000000000009076028967825
0.000000000000000008460361085051
0.000000000000000007850003445660
0.000000000000000007247488573186
0.000000000000000006655302568180
0.000000000000000006075874357164
0.000000000000000005511565306301
0.000000000000000004964659246233
0.000000000000000004437352951589
0.000000000000000003931747115449
0.000000000000000003449837855696
0.000000000000000002993508786702
0.000000000000000002564523686179
0.000000000000000002164519783325
0.000000000000000001795001690668
0.000000000000000001457335998200
0.000000000000000001152746544620
0.000000000000000000882310376740
0.000000000000000000646954404376
0.000000000000000000447452754400
0.000000000000000000284424824033
0.000000000000000000158334030052
0.000000000000000000069487247187
0.000000000000000000018034925849
0.000000000000000000003971876270
0.000000000000000000027138703274
0.000000000000000000087223873259
0.000000000000000000183766392426
0.000000000000000000316159073070
0.000000000000000000483652362627
0.000000000000000000685358708321
0.000000000000000000920257428585
0.000000000000000001187200061008
0.000000000000000001484916155291
0.000000000000000001812019478699
0.000000000000000002167014600650
0.000000000000000002548303822473
0.000000000000000002954194417910
0.000000000000000003382906149722
0.000000000000000003832579027642
0.000000000000000004301281273033
0.000000000000000004787017455857
0.000000000000000005287736769926
0.000000000000000005801341412951
0.000000000000000006325695038547
0.000000000000000006858631248078
0.000000000000000007397962091132
0.000000000000000007941486544285
0.000000000000000008486998938899
0.000000000000000009032297309710
0.000000000000000009575191637147
0.000000000000000010113511957446
0.000000000000000010645116315865
0.000000000000000011167898539512
0.000000000000000011679795807534
0.000000000000000012178795997674
0.000000000000000012662944789431
0.000000000000000013130352505297
0.000000000000000013579200672765
0.000000000000000014007748290986
0.000000000000000014414337787148
0.000000000000000014797400648767
0.000000000000000015155462719221
0.000000000000000015487149144899
0.000000000000000015791188963432
0.000000000000000016066419323429
0.000000000000000016311789327147
0.000000000000000016526363488465
0.000000000000000016709324799400
0.000000000000000016859977399333
0.000000000000000016977748841901
0.000000000000000017062191955372
0.000000000000000017112986293097
0.000000000000000017129939171407
