0.000000000000665395715733296060
0.000000000000660741878828520487
0.000000000000646947743702805565
0.000000000000624506723246269119
0.000000000000594212690030047000
0.000000000000557119184384432491
0.000000000000514486018955390083
0.000000000000467716656778252401
0.000000000000418290256580950525
0.000000000000367692512459175686
0.000000000000317349354892640072
0.000000000000268567239558021685
0.000000000000222483164641834866
0.000000000000180026779640904397
0.000000000000141896045262449434
0.000000000000108546948235802171
0.000000000000080196840351367889
0.000000000000056840125894925302
0.000000000000038274322856236110
0.000000000000024134012750866695
0.000000000000013929895862951070
0.000000000000007090089013862677
0.000000000000003000929820558351
0.000000000000001044857795417240
0.000000000000000633389725771197
0.000000000000001233748133187818
0.000000000000002388287738924039
0.000000000000003726447520762627
0.000000000000004969492032944892
0.000000000000005928760229593716
0.000000000000006498488319641365
0.000000000000006644501542761483
0.000000000000006390175544392707
0.000000000000005801058546110871
0.000000000000004969436227764646
0.000000000000003999933536514583
0.000000000000002997006303774657
0.000000000000002054906315138909
0.000000000000001250430783403067
0.000000000000000638512348851910
0.000000000000000250485673023529
0.000000000000000094693114950999
0.000000000000000158971198095159
0.000000000000000414492786104261
0.000000000000000820423826387722
0.000000000000001328881420941750
0.000000000000001889742655009470
0.000000000000002454940576567464
0.000000000000002981984260615002
0.000000000000003436543973046889
0.000000000000003794041407907801
0.000000000000004040271996882029
0.000000000000004171156657643936
0.000000000000004191771449192493
0.000000000000004114834788982547
0.000000000000003958844181524577
0.000000000000003746050129958067
0.000000000000003500437250394627
0.000000000000003245855251276128
0.000000000000003004409136970970
0.000000000000002795182285434417
0.000000000000002633331014230215
0.000000000000002529557353135969
0.000000000000002489939759182247
0.000000000000002516080517776644
0.000000000000002605514000871461
0.000000000000002752311674445102
0.000000000000002947817200619124
0.000000000000003181447294465564
0.000000000000003441500121176475
0.000000000000003715921839392264
0.000000000000003992992325467568
0.000000000000004261902169946810
0.000000000000004513203894178993
0.000000000000004739130345414315
0.000000000000004933781934416117
0.000000000000005093191501006345
0.000000000000005215281008676310
0.000000000000005299727988432556
0.000000000000005347761782745422
0.000000000000005361910359722524
0.000000000000005345717992905729
0.000000000000005303452667921820
0.000000000000005239819917032348
0.000000000000005159697116040561
0.000000000000005067899303121844
0.000000000000004968984468990449
0.000000000000004867103169942963
0.000000000000004765894353304205
0.000000000000004668426560732366
0.000000000000004577181271881077
0.000000000000004494073135374339
0.000000000000004420500256592032
0.000000000000004357416607734255
0.000000000000004305418014607924
0.000000000000004264833059474793
0.000000000000004235810605426002
0.000000000000004218396462222605
0.000000000000004212592925440417
