0.000000276937658487145818430886
0.000000001046247542182219690529
0.000000000649789892775848887276
0.000000000150422702899585468287
0.000000000382678785375250103718
0.000000000430564111412317493936
0.000000000045896348894595647969
0.000000000114944822691300878832
0.000000000185095546967912404620
0.000000000239156943105028082731
0.000000000129414577171970740653
0.000000000059039180031006957820
0.000000000084341785226429673745
0.000000000098388722758900906066
0.000000000117768515637065039329
0.000000000139818946671309218849
0.000000000153741087600540741665
0.000000000121635414532799422576
0.000000000096139211741793388528
0.000000000083581500824814136509
0.000000000083257288248461704527
0.000000000086171921114470063169
0.000000000071667401242671878175
0.000000000059066749112563862151
0.000000000048208899133479736423
0.000000000036955842379823641476
0.000000000033098278704547973769
0.000000000033107316097199593874
0.000000000031436325415491440302
0.000000000030063087470000368761
0.000000000031999696832697853891
0.000000000035653121596966676960
0.000000000036425095219101160612
0.000000000031698631716676270915
0.000000000023162864244242184524
0.000000000014772011071966288845
0.000000000009317935912234381562
0.000000000007644260994778006931
0.000000000009009870725030912919
0.000000000011166061793092387584
0.000000000011647487226604379094
0.000000000009536452350210240358
0.000000000006007038826345618027
0.000000000003102262109746032365
0.000000000002188988196361148593
0.000000000002957879430002928886
0.000000000003814761241541329118
0.000000000003638354909178470538
0.000000000002705531115141457418
0.000000000001740574226446256173
0.000000000001059643693127061335
0.000000000000695915704290460901
0.000000000000507580057420863127
0.000000000000374741413738712392
0.000000000000437344197120072080
0.000000000000881231234035690228
0.000000000001479473477318202083
0.000000000001688050218770658297
0.000000000001272542201693214688
0.000000000000813442298560852177
0.000000000001613452740066436015
0.000000000002511473790724599400
0.000000000001685256200162629502
0.000000000000418645650870321284
0.000000000000481154952308002086
0.000000000000594668820422489278
0.000000000000018050058250390309
0.000000000000831559397161032430
0.000000000001496300741888662495
0.000000000000601799170003866409
0.000000000001709776345447892534
0.000000000001933019171735745884
0.000000000000122160487411580694
0.000000000000815333455980364158
0.000000000000679613607310933787
0.000000000001146015674389697748
0.000000000003032386851239517996
0.000000000000363574430542471354
0.000000000001194475899621679002
0.000000000001030436846859628190
0.000000000001372847627895438292
0.000000000002512141975848786027
0.000000000000155797926551212188
0.000000000002499501723541274046
0.000000000002631882763507488486
0.000000000000748363481495537583
0.000000000003542639809142921241
0.000000000001399616086955948620
0.000000000006253995623741265072
0.000000000030003297541091948396
0.000000000024358915227119770117
0.000000000011503664444251315696
0.000000000007164909008140549607
0.000000000001880340788823117489
0.000000000014754998093476456809
0.000000000048992720739445445699
0.000000000035164691621919916461
0.000000000249484614433687785544
0.000000000018166476189575209330
