0.000000000000000039915675527407
0.000000000000000039872775803876
0.000000000000000039744269781965
0.000000000000000039530735921302
0.000000000000000039233135039257
0.000000000000000038852805409063
0.000000000000000038391455939292
0.000000000000000037851157476401
0.000000000000000037234332283444
0.000000000000000036543741758969
0.000000000000000035782472470638
0.000000000000000034953920587986
0.000000000000000034061774807984
0.000000000000000033109997875669
0.000000000000000032102806809877
0.000000000000000031044651951083
0.000000000000000029940194954486
0.000000000000000028794285856703
0.000000000000000027611939348681
0.000000000000000026398310390840
0.000000000000000025158669308793
0.000000000000000023898376509441
0.000000000000000022622856957683
0.000000000000000021337574553515
0.000000000000000020048006547874
0.000000000000000018759618133286
0.000000000000000017477837342219
0.000000000000000016208030382044
0.000000000000000014955477530773
0.000000000000000013725349712255
0.000000000000000012522685863408
0.000000000000000011352371199288
0.000000000000000010219116474592
0.000000000000000009127438332426
0.000000000000000008081640823069
0.000000000000000007085798167013
0.000000000000000006143738827870
0.000000000000000005259030951864
0.000000000000000004434969221644
0.000000000000000003674563163131
0.000000000000000002980526935110
0.000000000000000002355270622408
0.000000000000000001800893044702
0.000000000000000001319176084511
0.000000000000000000911580529633
0.000000000000000000579243417317
0.000000000000000000322976859915
0.000000000000000000143268324492
0.000000000000000000040282332176
0.000000000000000000013863536690
0.000000000000000000063541135710
0.000000000000000000188534563414
0.000000000000000000387760407775
0.000000000000000000659840491942
0.000000000000000001003111055325
0.000000000000000001415632966842
0.000000000000000001895202900128
0.000000000000000002439365398442
0.000000000000000003045425755330
0.000000000000000003710463636070
0.000000000000000004431347364243
0.000000000000000005204748797600
0.000000000000000006027158717673
0.000000000000000006894902658187
0.000000000000000007804157098371
0.000000000000000008750965948633
0.000000000000000009731257257721
0.000000000000000010740860072451
0.000000000000000011775521383288
0.000000000000000012830923091446
0.000000000000000013902698935809
0.000000000000000014986451320669
0.000000000000000016077767988163
0.000000000000000017172238482223
0.000000000000000018265470353869
0.000000000000000019353105060699
0.000000000000000020430833516478
0.000000000000000021494411249764
0.000000000000000022539673133470
0.000000000000000023562547650223
0.000000000000000024559070661188
0.000000000000000025525398648824
0.000000000000000026457821406646
0.000000000000000027352774151638
0.000000000000000028206849037327
0.000000000000000029016806047825
0.000000000000000029779583255252
0.000000000000000030492306424962
0.000000000000000031152297954802
0.000000000000000031757085136373
0.000000000000000032304407727784
0.000000000000000032792224828834
0.000000000000000033218721050846
0.000000000000000033582311974550
0.000000000000000033881648890460
0.000000000000000034115622817174
0.000000000000000034283367793851
0.000000000000000034384263443953
0.000000000000000034417936808023
