0.000000000000000004022869703077
0.000000000000000004018649717888
0.000000000000000004006007859748
0.000000000000000003984998338167
0.000000000000000003955711226857
0.000000000000000003918272052005
0.000000000000000003872841218791
0.000000000000000003819613279095
0.000000000000000003758816044100
0.000000000000000003690709546313
0.000000000000000003615584856275
0.000000000000000003533762759935
0.000000000000000003445592303381
0.000000000000000003351449212237
0.000000000000000003251734193674
0.000000000000000003146871129507
0.000000000000000003037305169374
0.000000000000000002923500733464
0.000000000000000002805939434615
0.000000000000000002685117930007
0.000000000000000002561545712904
0.000000000000000002435742855172
0.000000000000000002308237711432
0.000000000000000002179564595834
0.000000000000000002050261442477
0.000000000000000001920867460486
0.000000000000000001791920794694
0.000000000000000001663956202736
0.000000000000000001537502759178
0.000000000000000001413081597088
0.000000000000000001291203697135
0.000000000000000001172367733979
0.000000000000000001057057989338
0.000000000000000000945742340675
0.000000000000000000838870333988
0.000000000000000000736871348691
0.000000000000000000640152862012
0.000000000000000000549098819809
0.000000000000000000464068120076
0.000000000000000000385393214818
0.000000000000000000313378835359
0.000000000000000000248300845461
0.000000000000000000190405226047
0.000000000000000000139907194583
0.000000000000000000096990461602
0.000000000000000000061806626111
0.000000000000000000034474711038
0.000000000000000000015080839187
0.000000000000000000003678049563
0.000000000000000000000286253290
0.000000000000000000004892327770
0.000000000000000000017450347123
0.000000000000000000037881946412
0.000000000000000000066076816617
0.000000000000000000101893326802
0.000000000000000000145159269475
0.000000000000000000195672724644
0.000000000000000000253203037702
0.000000000000000000317491905855
0.000000000000000000388254567468
0.000000000000000000465181088373
0.000000000000000000547937738921
0.000000000000000000636168455270
0.000000000000000000729496378209
0.000000000000000000827525462623
0.000000000000000000929842150538
0.000000000000000001036017100592
0.000000000000000001145606966647
0.000000000000000001258156218232
0.000000000000000001373198995456
0.000000000000000001490260991028
0.000000000000000001608861352058
0.000000000000000001728514594348
0.000000000000000001848732521959
0.000000000000000001969026144949
0.000000000000000002088907588287
0.000000000000000002207891985069
0.000000000000000002325499347376
0.000000000000000002441256408214
0.000000000000000002554698428233
0.000000000000000002665370961096
0.000000000000000002772831571593
0.000000000000000002876651500829
0.000000000000000002976417273065
0.000000000000000003071732239036
0.000000000000000003162218050837
0.000000000000000003247516063720
0.000000000000000003327288660466
0.000000000000000003401220494211
0.000000000000000003469019645960
0.000000000000000003530418693269
0.000000000000000003585175686884
0.000000000000000003633075032431
0.000000000000000003673928274545
0.000000000000000003707574781127
0.000000000000000003733882325726
0.000000000000000003752747566355
0.000000000000000003764096419342
0.000000000000000003767884327145
