0.000000293196950194368391164014
0.000000000394849606530606045568
0.000000000333086734515350451589
0.000000000595837320793845167485
0.000000000642548666703800225707
0.000000000028920678197862225301
0.000000000126188796862657518796
0.000000000234166359307756737003
0.000000000283144088313199736681
0.000000000142596866373356206693
0.000000000078298524774660012007
0.000000000071051002799024573184
0.000000000095623342498734790685
0.000000000140399860433394326325
0.000000000140165148255749882454
0.000000000136926975283022539150
0.000000000133068289281111230804
0.000000000137480906628282778301
0.000000000116814887162500399092
0.000000000091640859437466568881
0.000000000082743738523731333286
0.000000000075167648003624844345
0.000000000076480220535287626834
0.000000000074206459163718946718
0.000000000062858582612644779651
0.000000000055294941209498185136
0.000000000052758950981846140987
0.000000000047836287022436597399
0.000000000040552234322752118547
0.000000000033848761712518038265
0.000000000028222536401733345021
0.000000000025206270308972726950
0.000000000026323397679449239895
0.000000000028568557451866039225
0.000000000027019123848728468995
0.000000000020599537293868077551
0.000000000013320554944223808540
0.000000000009921321689267459334
0.000000000011176775395494392572
0.000000000013325234960819536740
0.000000000012242687996549472889
0.000000000007854879745108622550
0.000000000003749473556836748541
0.000000000002856771882862230579
0.000000000004312621506273369585
0.000000000005206640466068307297
0.000000000004236785300798978396
0.000000000002423355605426341341
0.000000000001226336536979621225
0.000000000001294779424235256714
0.000000000002161876548839218517
0.000000000002499852283239228009
0.000000000001704167669149389967
0.000000000000652325115547035517
0.000000000000324205714803517856
0.000000000000790540967202007856
0.000000000000957249843781490920
0.000000000000322163201229303372
0.000000000000002832564933927902
0.000000000000183054909680082496
0.000000000000108826488074047221
0.000000000000042201864976113605
0.000000000000528652017377886521
0.000000000000443413798590627264
0.000000000000145962694014808369
0.000000000000903033413558760176
0.000000000001217278509961801126
0.000000000000441354457287277450
0.000000000001397441564574422406
0.000000000001656050806155414903
0.000000000000437710079221647727
0.000000000000719810136007611097
0.000000000000390279981577657296
0.000000000000367734847705464506
0.000000000001441517064522631709
0.000000000000739273712869648519
0.000000000002082245162752779986
0.000000000000977228302326534224
0.000000000000301112885976057114
0.000000000000834399642233828177
0.000000000001155738028974752034
0.000000000002902343923768596431
0.000000000000037117867140168746
0.000000000003102813933394645301
0.000000000001694885946439784902
0.000000000017488051663666549369
0.000000000009139136203867743870
0.000000000011818022488862357164
0.000000000002975302300113424889
0.000000000030680731025789591208
0.000000000021986695583502488823
0.000000000007625803494594778271
0.000000000022711845266955611696
0.000000000025913482417670485625
0.000000000016464827247265108511
0.000000000005086164723671537142
0.000000000078496227969536638344
0.000000000144069630674944334031
0.000000000001463947565994121013
