0.000000000000041525719748232828
0.000000000000041419920393056746
0.000000000000041103923646585067
0.000000000000040581906340748190
0.000000000000039860740114786171
0.000000000000038949859119816285
0.000000000000037861079385004547
0.000000000000036608374261306133
0.000000000000035207611392852519
0.000000000000033676257540441140
0.000000000000032033058272361550
0.000000000000030297700027353801
0.000000000000028490462331973917
0.000000000000026631868016189903
0.000000000000024742339119790418
0.000000000000022841865828031811
0.000000000000020949695233951017
0.000000000000019084046018491937
0.000000000000017261854294157748
0.000000000000015498554902951771
0.000000000000013807901426930002
0.000000000000012201827092967747
0.000000000000010690347665567929
0.000000000000009281506354807001
0.000000000000007981359750770776
0.000000000000006794002857947426
0.000000000000005721630466066867
0.000000000000004764631376457038
0.000000000000003921711418996377
0.000000000000003190040753079001
0.000000000000002565420650604492
0.000000000000002042464808999673
0.000000000000001614790232367912
0.000000000000001275212839762026
0.000000000000001015943198621937
0.000000000000000828778123215723
0.000000000000000705284305068062
0.000000000000000636970636163704
0.000000000000000615446426919071
0.000000000000000632563290376234
0.000000000000000680539043374462
0.000000000000000752062547449622
0.000000000000000840378961474348
0.000000000000000939355391224049
0.000000000000001043527387090327
0.000000000000001148127151474707
0.000000000000001249094665890461
0.000000000000001343073230839298
0.000000000000001427391127798111
0.000000000000001500031262965414
0.000000000000001559590739478646
0.000000000000001605232332923283
0.000000000000001636629819704458
0.000000000000001653909035805702
0.000000000000001657586431837098
0.000000000000001648506746649331
0.000000000000001627781253806421
0.000000000000001596727850337244
0.000000000000001556814062501918
0.000000000000001509603845324988
0.000000000000001456708857172398
0.000000000000001399744702695505
0.000000000000001340292461191464
0.000000000000001279865656117972
0.000000000000001219882677569946
0.000000000000001161644544566859
0.000000000000001106317788835315
0.000000000000001054922156535041
0.000000000000001008322758599245
0.000000000000000967226253070546
0.000000000000000932180612635237
0.000000000000000903578015811426
0.000000000000000881660399041893
0.000000000000000866527217271260
0.000000000000000858144980400976
0.000000000000000856358160295750
0.000000000000000860901095831554
0.000000000000000871410560033770
0.000000000000000887438692031598
0.000000000000000908466035924552
0.000000000000000933914467502431
0.000000000000000963159827080857
0.000000000000000995544111722424
0.000000000000001030387112224490
0.000000000000001066997409072260
0.000000000000001104682666853795
0.000000000000001142759188332285
0.000000000000001180560707515816
0.000000000000001217446415800402
0.000000000000001252808226810388
0.000000000000001286077294196773
0.000000000000001316729802688545
0.000000000000001344292056449732
0.000000000000001368344890601546
0.000000000000001388527431938490
0.000000000000001404540233692546
0.000000000000001416147806946190
0.000000000000001423180568198412
0.000000000000001425536218852751
