0.000000000000000005140737639009
0.000000000000000005135335486221
0.000000000000000005119152277969
0.000000000000000005092257657341
0.000000000000000005054767339242
0.000000000000000005006842576957
0.000000000000000004948689419232
0.000000000000000004880557761692
0.000000000000000004802740197524
0.000000000000000004715570673327
0.000000000000000004619422957087
0.000000000000000004514708926109
0.000000000000000004401876683710
0.000000000000000004281408514273
0.000000000000000004153818687063
0.000000000000000004019651119960
0.000000000000000003879476914877
0.000000000000000003733891777255
0.000000000000000003583513332525
0.000000000000000003428978352879
0.000000000000000003270939908039
0.000000000000000003110064454015
0.000000000000000002947028874033
0.000000000000000002782517485936
0.000000000000000002617219030426
0.000000000000000002451823654459
0.000000000000000002287019903995
0.000000000000000002123491740139
0.000000000000000001961915592421
0.000000000000000001802957462650
0.000000000000000001647270092378
0.000000000000000001495490206531
0.000000000000000001348235845276
0.000000000000000001206103795577
0.000000000000000001069667133300
0.000000000000000000939472886026
0.000000000000000000816039826032
0.000000000000000000699856402143
0.000000000000000000591378818378
0.000000000000000000491029266491
0.000000000000000000399194318705
0.000000000000000000316223486064
0.000000000000000000242427946987
0.000000000000000000178079449753
0.000000000000000000123409391772
0.000000000000000000078608077649
0.000000000000000000043824157203
0.000000000000000000019164243764
0.000000000000000000004692712263
0.000000000000000000000431675828
0.000000000000000000006361138833
0.000000000000000000022419323622
0.000000000000000000048503167388
0.000000000000000000084468985051
0.000000000000000000130133293316
0.000000000000000000185273790497
0.000000000000000000249630486149
0.000000000000000000322906974009
0.000000000000000000404771841292
0.000000000000000000494860206957
0.000000000000000000592775381146
0.000000000000000000698090637700
0.000000000000000000810351091311
0.000000000000000000929075670651
0.000000000000000001053759178581
0.000000000000000001183874430390
0.000000000000000001318874460882
0.000000000000000001458194791032
0.000000000000000001601255744892
0.000000000000000001747464807408
0.000000000000000001896219013849
0.000000000000000002046907361565
0.000000000000000002198913234936
0.000000000000000002351616834440
0.000000000000000002504397600949
0.000000000000000002656636626510
0.000000000000000002807719043094
0.000000000000000002957036380970
0.000000000000000003103988888660
0.000000000000000003247987806620
0.000000000000000003388457587135
0.000000000000000003524838053139
0.000000000000000003656586489033
0.000000000000000003783179656843
0.000000000000000003904115731406
0.000000000000000004018916148598
0.000000000000000004127127360964
0.000000000000000004228322495452
0.000000000000000004322102908294
0.000000000000000004408099632468
0.000000000000000004485974713480
0.000000000000000004555422429634
0.000000000000000004616170393254
0.000000000000000004667980529743
0.000000000000000004710649931706
0.000000000000000004744011585730
0.000000000000000004767934969796
0.000000000000000004782326519655
0.000000000000000004787129962877
