0.000000428887444323428853870520
0.000000001392076027194224156344
0.000000001601243241105364454306
0.000000001048246695947821425742
0.000000000211342157380977277712
0.000000000051613608095287075801
0.000000000222870749471262593397
0.000000000238442468041569556926
0.000000000285638885776631713142
0.000000000308312135712503902587
0.000000000152212019440774607702
0.000000000185707343609297900114
0.000000000143642035209937844578
0.000000000095119425912948761232
0.000000000114270013263245212963
0.000000000126281258300623715259
0.000000000091459501385409131559
0.000000000090196594869976295323
0.000000000105876348454710384057
0.000000000124482570833091144341
0.000000000122702707574161591183
0.000000000096407434030134756772
0.000000000077576712482702713896
0.000000000064861487002816700243
0.000000000049957414990388718800
0.000000000045816485975152532115
0.000000000055293847730008792885
0.000000000062075474401559447461
0.000000000052938268164990093255
0.000000000038092393906068859411
0.000000000033448926206398731921
0.000000000033819838717187882417
0.000000000026519248396272648228
0.000000000017472551345481713185
0.000000000020525869350917127709
0.000000000027567723393199201242
0.000000000021059607216383422512
0.000000000011609988065854955689
0.000000000016669694621436660687
0.000000000021175946295764435344
0.000000000011368197514819911781
0.000000000006349304452497911129
0.000000000012619202301671057412
0.000000000010902547305312331087
0.000000000004249598793621590204
0.000000000008444818209797727899
0.000000000012499530610858418578
0.000000000006102571214118886375
0.000000000002053622212915801190
0.000000000004017916469321631573
0.000000000002679641329946537274
0.000000000000369325306815694320
0.000000000001948626497254879511
0.000000000002554015502737128009
0.000000000001435603034649521673
0.000000000002621048799432401566
0.000000000003395108405754136069
0.000000000002166371270903878060
0.000000000002509713374257682692
0.000000000003041129037008731696
0.000000000001898268232142092215
0.000000000001787751445934063734
0.000000000002625219020130763599
0.000000000001916606014105327317
0.000000000001299998650742229146
0.000000000002731591411683899572
0.000000000002114291121268430852
0.000000000001304535042449140528
0.000000000002916303325014213435
0.000000000002079671685090672815
0.000000000001032638162597939194
0.000000000002568863753307878473
0.000000000000710695370750055920
0.000000000000648973463196519488
0.000000000000622541048410734609
0.000000000000364775214732165664
0.000000000001519720878897468262
0.000000000000462361894693622887
0.000000000003916425468214400668
0.000000000000689836135417592406
0.000000000002601894852083049906
0.000000000000806241828991032707
0.000000000002246752813926568591
0.000000000001057571705352436820
0.000000000003439186497769491735
0.000000000001646231676274043231
0.000000000018679507660731995250
0.000000000005915480233449847747
0.000000000014163514705735596843
0.000000000027811535440747679356
0.000000000039204366209583001616
0.000000000000603105081123483200
0.000000000013749459289006135400
0.000000000015746145082905047542
0.000000000085206683902177821978
0.000000000025364348998913159081
0.000000000055772447691782761334
0.000000000167252075675840972348
0.000000000140159910557202325205
