0.000000000000000007569561908087
0.000000000000000007561582711169
0.000000000000000007537679677729
0.000000000000000007497956317946
0.000000000000000007442584610437
0.000000000000000007371804197734
0.000000000000000007285921265962
0.000000000000000007185307114650
0.000000000000000007070396424278
0.000000000000000006941685230719
0.000000000000000006799728617282
0.000000000000000006645138136516
0.000000000000000006478578975314
0.000000000000000006300766878151
0.000000000000000006112464844509
0.000000000000000005914479617619
0.000000000000000005707657982676
0.000000000000000005492882893542
0.000000000000000005271069447739
0.000000000000000005043160730176
0.000000000000000004810123546580
0.000000000000000004572944068002
0.000000000000000004332623408044
0.000000000000000004090173154610
0.000000000000000003846610878001
0.000000000000000003602955637078
0.000000000000000003360223505008
0.000000000000000003119423135757
0.000000000000000002881551392055
0.000000000000000002647589055011
0.000000000000000002418496634869
0.000000000000000002195210301669
0.000000000000000001978637953715
0.000000000000000001769655440815
0.000000000000000001569102958284
0.000000000000000001377781626583
0.000000000000000001196450270370
0.000000000000000001025822409545
0.000000000000000000866563473629
0.000000000000000000719288249569
0.000000000000000000584558571782
0.000000000000000000462881261901
0.000000000000000000354706324440
0.000000000000000000260425403191
0.000000000000000000180370501939
0.000000000000000000114812971714
0.000000000000000000063962765562
0.000000000000000000027967960549
0.000000000000000000006914545492
0.000000000000000000000826471753
0.000000000000000000009665963265
0.000000000000000000033334080906
0.000000000000000000071671535296
0.000000000000000000124459741103
0.000000000000000000191422105063
0.000000000000000000272225539035
0.000000000000000000366482188668
0.000000000000000000473751367500
0.000000000000000000593541685687
0.000000000000000000725313361980
0.000000000000000000868480707042
0.000000000000000001022414765775
0.000000000000000001186446105934
0.000000000000000001359867740012
0.000000000000000001541938167138
0.000000000000000001731884521534
0.000000000000000001928905813988
0.000000000000000002132176252712
0.000000000000000002340848629974
0.000000000000000002554057760936
0.000000000000000002770923961214
0.000000000000000002990556549865
0.000000000000000003212057364651
0.000000000000000003434524276702
0.000000000000000003657054691931
0.000000000000000003878749026912
0.000000000000000004098714147199
0.000000000000000004316066756498
0.000000000000000004529936725429
0.000000000000000004739470349068
0.000000000000000004943833522863
0.000000000000000005142214826977
0.000000000000000005333828509553
0.000000000000000005517917359873
0.000000000000000005693755462873
0.000000000000000005860650826925
0.000000000000000006017947877331
0.000000000000000006165029808438
0.000000000000000006301320787774
0.000000000000000006426288006143
0.000000000000000006539443568047
0.000000000000000006640346217376
0.000000000000000006728602893726
0.000000000000000006803870115263
0.000000000000000006865855184490
0.000000000000000006914317213802
0.000000000000000006949067968172
0.000000000000000006969972522816
0.000000000000000006976949734144
