0.000000000000000166561086153415
0.000000000000000166376531860051
0.000000000000000165823750744991
0.000000000000000164905383021177
0.000000000000000163625812139995
0.000000000000000161991139565125
0.000000000000000160009149712926
0.000000000000000157689265313506
0.000000000000000155042493515128
0.000000000000000152081363120197
0.000000000000000148819853403024
0.000000000000000145273315017427
0.000000000000000141458383555443
0.000000000000000137392886366558
0.000000000000000133095743289532
0.000000000000000128586861985718
0.000000000000000123887028593598
0.000000000000000119017794448705
0.000000000000000114001359631235
0.000000000000000108860454115238
0.000000000000000103618217298440
0.000000000000000098298076690508
0.000000000000000092923626530018
0.000000000000000087518507086854
0.000000000000000082106285387328
0.000000000000000076710338074450
0.000000000000000071353737085717
0.000000000000000066059138796006
0.000000000000000060848677234102
0.000000000000000055743861938418
0.000000000000000050765480971276
0.000000000000000045933509562004
0.000000000000000041267024797761
0.000000000000000036784126727904
0.000000000000000032501866193355
0.000000000000000028436179637437
0.000000000000000024601831099455
0.000000000000000021012361537425
0.000000000000000017680045572328
0.000000000000000014615855693490
0.000000000000000011829433913553
0.000000000000000009329070812514
0.000000000000000007121691863677
0.000000000000000005212850890493
0.000000000000000003606730462416
0.000000000000000002306149000220
0.000000000000000001312574327068
0.000000000000000000626143370914
0.000000000000000000245687696873
0.000000000000000000168764524890
0.000000000000000000391692868568
0.000000000000000000909594415173
0.000000000000000001716438754749
0.000000000000000002805092557733
0.000000000000000004167372295416
0.000000000000000005794100095833
0.000000000000000007675162329116
0.000000000000000009799570520732
0.000000000000000012155524198147
0.000000000000000014730475286180
0.000000000000000017511193678247
0.000000000000000020483833624762
0.000000000000000023634000595784
0.000000000000000026946818292392
0.000000000000000030406995499980
0.000000000000000033998892496398
0.000000000000000037706586748435
0.000000000000000041513937651283
0.000000000000000045404650087077
0.000000000000000049362336600267
0.000000000000000053370578009074
0.000000000000000057412982293593
0.000000000000000061473241621940
0.000000000000000065535187396080
0.000000000000000069582843218478
0.000000000000000073600475699324
0.000000000000000077572643041752
0.000000000000000081484241358988
0.000000000000000085320548692788
0.000000000000000089067266716660
0.000000000000000092710560120248
0.000000000000000096237093682834
0.000000000000000099634067054094
0.000000000000000102889247269168
0.000000000000000105990999032583
0.000000000000000108928312811788
0.000000000000000111690830785951
0.000000000000000114268870699269
0.000000000000000116653447670466
0.000000000000000118836294011348
0.000000000000000120809877107409
0.000000000000000122567415412553
0.000000000000000124102892608070
0.000000000000000125411069973224
0.000000000000000126487497011183
0.000000000000000127328520369694
0.000000000000000127931291090928
0.000000000000000128293770219405
0.000000000000000128414732790962
