0.000000000798695586762292910932
0.000000000640621652162875795634
0.000000000308579318243367356932
0.000000000061526518724013702551
0.000000000001070750934570059014
0.000000000033164176375058209285
0.000000000045121946486730650536
0.000000000023016955702244062286
0.000000000005314050348091645213
0.000000000006099524719328987596
0.000000000011600856290313437744
0.000000000011145360717021907306
0.000000000006179654398680740569
0.000000000002221399101903793431
0.000000000002624409347441809206
0.000000000005679931527630464321
0.000000000006543116316342265643
0.000000000004162929457378023337
0.000000000002698066590303090613
0.000000000004193768743753956667
0.000000000005474548277259962595
0.000000000004365941028887418148
0.000000000003050725037029380912
0.000000000003260455130654101429
0.000000000003596854790581941175
0.000000000003076938794085384907
0.000000000002656153327335116780
0.000000000002650514011297943068
0.000000000002409100214451357865
0.000000000002098540669064289298
0.000000000002064260131994168722
0.000000000001844147571549565301
0.000000000001457727194198179911
0.000000000001527507775420411870
0.000000000001659394532428414962
0.000000000001184514376659788860
0.000000000000803167780970582116
0.000000000001116037170227047447
0.000000000001236342276577923215
0.000000000000723795838268827449
0.000000000000497586341579959935
0.000000000000774709113138520052
0.000000000000747522202262395407
0.000000000000430829004275904867
0.000000000000408161293379753462
0.000000000000477977171407913496
0.000000000000345427868101908539
0.000000000000318256280489382661
0.000000000000394084057075216555
0.000000000000246072358170622836
0.000000000000124558638514256588
0.000000000000300462489226463148
0.000000000000358086083992389439
0.000000000000116166372387116105
0.000000000000049164017582368843
0.000000000000245896270314141245
0.000000000000264715771143279170
0.000000000000076404073173229109
0.000000000000021298174886546878
0.000000000000113262298647274274
0.000000000000148499050441014954
0.000000000000096582224967185709
0.000000000000029487898284011259
0.000000000000008882304942780010
0.000000000000066327980275613085
0.000000000000120007174323998757
0.000000000000077042858956930935
0.000000000000007890352226740875
0.000000000000012885676149474339
0.000000000000057485604662709739
0.000000000000081194924952577591
0.000000000000077581639503654654
0.000000000000039188855297534661
0.000000000000007451407371843904
0.000000000000082095817397188273
0.000000000000213851153986592418
0.000000000000197976327246086476
0.000000000000044647400593440261
0.000000000000015527214568252013
0.000000000000119177166662454915
0.000000000000124495804184783534
0.000000000000197077937415363985
0.000000000000604232358608689450
0.000000000000824406157372759065
0.000000000000360106954994157650
0.000000000000057301011702070246
0.000000000000685828252478634706
0.000000000001180344358932374351
0.000000000000619204046732443964
0.000000000000134091222499390662
0.000000000000461474508839526498
0.000000000000505581662005393959
0.000000000000387863917686013861
0.000000000001821777229704924516
0.000000000004038779038569852031
0.000000000004275291707821606437
0.000000000002695649465642479162
0.000000000001725130485247559747
0.000000000001657003861703791723
