0.000000221460666678067033002775
0.000000000379071053371506532703
0.000000000094349377050530523184
0.000000000520143798357082091145
0.000000000066058626471131598174
0.000000000260479706320919129593
0.000000000333248145922369476335
0.000000000047738109410696429711
0.000000000127908385930930896776
0.000000000157211933584949420297
0.000000000158372081286918242981
0.000000000121247321565476608711
0.000000000059562087399168368868
0.000000000072088469482078904439
0.000000000125047130484855180879
0.000000000145320405549616296655
0.000000000108049274752720966212
0.000000000087515017323200465849
0.000000000074635780315272065044
0.000000000073800143943694176478
0.000000000059983141730847306833
0.000000000043172142098761752886
0.000000000033638359837496507068
0.000000000026196224638470227403
0.000000000029278239241213446233
0.000000000034129478827081194318
0.000000000035325427315132502829
0.000000000038539042809297658858
0.000000000040856629411331761495
0.000000000037792254600509092988
0.000000000032982555061960610331
0.000000000029582758555513327436
0.000000000025902171391689706231
0.000000000020277966528262185353
0.000000000014286155228877012753
0.000000000009918769133511212766
0.000000000007434242667616582182
0.000000000006789121420708234046
0.000000000008023534400396227549
0.000000000010384208453898507226
0.000000000012323823505143793043
0.000000000012608552503213457999
0.000000000010966734335017407366
0.000000000008006053905635770567
0.000000000004798884493659539050
0.000000000002396519101624439195
0.000000000001440118593096188369
0.000000000001687922569120909331
0.000000000002285873495779320046
0.000000000002692793182848288536
0.000000000002840976423648059958
0.000000000002687508856998679306
0.000000000002257964966801610847
0.000000000002035831945203981903
0.000000000002385306746154177832
0.000000000002903898344093220005
0.000000000003009989394995070839
0.000000000002115313386237605394
0.000000000000853690739478426186
0.000000000000404531299320984366
0.000000000000253371895707910047
0.000000000000075609301642809050
0.000000000000669692426212322079
0.000000000002028964295506376389
0.000000000002155259957800664787
0.000000000000999350618767971722
0.000000000000687828278088599634
0.000000000000818809043628630001
0.000000000000064401737040923900
0.000000000001166261134611486685
0.000000000003048002035746819270
0.000000000001385377677382277913
0.000000000000191084265035583572
0.000000000000586599593271153819
0.000000000000078991348728671509
0.000000000002702512209114863537
0.000000000003162926705771457084
0.000000000000127175353853407364
0.000000000001901321731374215841
0.000000000000797898706521542961
0.000000000001495503208670158687
0.000000000001711342026671420830
0.000000000002155540753642074168
0.000000000010136720612912603181
0.000000000004100055404634716772
0.000000000014802023416341784942
0.000000000006246264681671090427
0.000000000012053413073987498407
0.000000000000790103810415598980
0.000000000001763775103366633960
0.000000000011402497183205103700
0.000000000005797814567027463343
0.000000000009931926423943961398
0.000000000021912529415852533332
0.000000000011781132100611907975
0.000000000114643881261984839679
0.000000000047844491387089198022
0.000000000313252916512541354657
0.000000000054771270298094255134
