0.000000240535351237518923054139
0.000000000730613429103152065314
0.000000000058527586095034799493
0.000000000384613347743842298561
0.000000000472198465943744805222
0.000000000008725427017986643567
0.000000000356380861259307849114
0.000000000218408890207559976071
0.000000000076179081155256561565
0.000000000093578659970585525502
0.000000000117325637113994928657
0.000000000178207665785847289611
0.000000000167832209369807848951
0.000000000098199479735201318162
0.000000000051962217930250497345
0.000000000068484571594397978860
0.000000000081587067602592319271
0.000000000084224652535855205105
0.000000000072957751185395848490
0.000000000076513910535844108987
0.000000000073990448632387806167
0.000000000077210467692548375119
0.000000000071564214637919270623
0.000000000059100720182348757707
0.000000000052815676068216463790
0.000000000044369350980831528319
0.000000000036429027112793945449
0.000000000035213549731639339518
0.000000000035197453861358961136
0.000000000033064948407870384693
0.000000000031645440913411457542
0.000000000032049984355732801897
0.000000000031258121974251843839
0.000000000027089022716207374605
0.000000000021164523461464432428
0.000000000015783548091579106528
0.000000000012027538161964732973
0.000000000010229329938905507046
0.000000000010152490678669513023
0.000000000011044367623286477554
0.000000000011880023270860684791
0.000000000011705739870201264843
0.000000000010006217812980480559
0.000000000007192351989532925683
0.000000000004380091392624349324
0.000000000002509321209602079300
0.000000000001891214159156540362
0.000000000002378171692784565641
0.000000000003579722792536085607
0.000000000004699570140142838842
0.000000000004858402353902870089
0.000000000004057280452081679692
0.000000000002896735386040500593
0.000000000001806986656614021110
0.000000000001336958014116038341
0.000000000001379673004510363073
0.000000000001169367466690557814
0.000000000000675070061856053329
0.000000000000195467881766119291
0.000000000000174579002550082948
0.000000000000546569458278424225
0.000000000000925474072925973481
0.000000000001035572101939405119
0.000000000001377882612455454299
0.000000000001443813235019526404
0.000000000000705291261750947806
0.000000000000008650782889987808
0.000000000000491179257830983588
0.000000000000961812608805805338
0.000000000000844570740546033361
0.000000000001072040859227469970
0.000000000000835817835189518074
0.000000000000019221950552775253
0.000000000001182046534763111604
0.000000000001752378798794339389
0.000000000000368632397505069981
0.000000000000689313805801609537
0.000000000000366859092647105050
0.000000000000999363762837002839
0.000000000002147595845712001005
0.000000000000016728913244683844
0.000000000002156365986032861630
0.000000000000658281695291962977
0.000000000002706213403994228976
0.000000000003285558339603961592
0.000000000007813657816423047437
0.000000000012700958466883717121
0.000000000004646858957686302861
0.000000000001012010416905758906
0.000000000011547964146376552263
0.000000000020189380019185395441
0.000000000001878266815629780030
0.000000000011399218497982778220
0.000000000013516472035949706846
0.000000000028123279472485913167
0.000000000071861882550046994807
0.000000000057795424712617750469
0.000000000249970865929892190493
0.000000000002621040751718535513
