0.000000000083940517316222790087
0.000000000078314474377612043432
0.000000000063337191896442059231
0.000000000043822553229002785096
0.000000000025327726085895999174
0.000000000011877746797396038786
0.000000000004717973989081000462
0.000000000002545769834877519059
0.000000000002828112847366704631
0.000000000003321528529657819942
0.000000000002994174887970233143
0.000000000002046108491145553372
0.000000000001268823834766078444
0.000000000001273118306900070422
0.000000000002053419475937828993
0.000000000003060176874987053700
0.000000000003625886999238559543
0.000000000003412415613598776567
0.000000000002589689376174084821
0.000000000001665192942488420702
0.000000000001117643678174766015
0.000000000001098599887004352327
0.000000000001390858503341440851
0.000000000001617585123251097837
0.000000000001525750899706784012
0.000000000001138845114940790414
0.000000000000692692371881458416
0.000000000000432857910368297241
0.000000000000438692709145008874
0.000000000000595341944054952651
0.000000000000710209747072920445
0.000000000000666015120986778502
0.000000000000491893238586912082
0.000000000000312488373453873505
0.000000000000233185249352639106
0.000000000000260959196870062535
0.000000000000318707503681443282
0.000000000000327128523606719622
0.000000000000274394638590577514
0.000000000000213516049075428008
0.000000000000198755039285546917
0.000000000000228413760543453788
0.000000000000250215992325266696
0.000000000000220185122738874539
0.000000000000151897505373585923
0.000000000000104281190451612176
0.000000000000120636600255730540
0.000000000000182519265745792117
0.000000000000226588287335998688
0.000000000000206896681701560072
0.000000000000138439723119675369
0.000000000000078808308844418608
0.000000000000070031424202530585
0.000000000000102074621408765023
0.000000000000132309618863982526
0.000000000000133756671704442466
0.000000000000117291553309256537
0.000000000000107608792179762037
0.000000000000107436695614440076
0.000000000000095841623419376888
0.000000000000062398215776028515
0.000000000000032500328034602984
0.000000000000046607630327028196
0.000000000000111308168722779791
0.000000000000178904920810700132
0.000000000000186450921133131153
0.000000000000119470761739901095
0.000000000000033007380465022019
0.000000000000002942865977859028
0.000000000000053519997389378943
0.000000000000134222484571203316
0.000000000000169781433082521210
0.000000000000132439616557848336
0.000000000000064225279925811783
0.000000000000030089180049345973
0.000000000000052897262571053880
0.000000000000095710718254238308
0.000000000000104557332770504212
0.000000000000064310312074874689
0.000000000000012892860230891263
0.000000000000005661815747269185
0.000000000000068749424248131692
0.000000000000181816842302166268
0.000000000000295491171430450305
0.000000000000360340569600675321
0.000000000000347631306614556531
0.000000000000260408723113105218
0.000000000000137695654747532971
0.000000000000043910635484538807
0.000000000000035480842322147081
0.000000000000119475985452416042
0.000000000000240586401100103039
0.000000000000318706779767491830
0.000000000000312726907151929692
0.000000000000253585887646357787
0.000000000000212384708642001268
0.000000000000231660160816459491
0.000000000000286777465347559076
0.000000000000315839979345204730
