0.000000419829117941231105199979
0.000000000204860090873168097725
0.000000002628122978120169458414
0.000000000471852625658943230915
0.000000000086982411083613337765
0.000000000149782631890491076794
0.000000000461359074686152540251
0.000000000270529730678247603793
0.000000000210645123219636227332
0.000000000099179112433377350056
0.000000000077966608672966923711
0.000000000090818237476905385417
0.000000000075227954979146696400
0.000000000107828015429742806238
0.000000000094667745905919125578
0.000000000077784200254653687268
0.000000000072856071733013448659
0.000000000081740208457885269870
0.000000000070878700745997970663
0.000000000057617481755277889689
0.000000000064671186332768887093
0.000000000075944928967672896550
0.000000000081953036822781620865
0.000000000081058367762963502245
0.000000000071562585199275094909
0.000000000060225462348878479888
0.000000000051380569515927915590
0.000000000043101787022721749265
0.000000000033256655263578489506
0.000000000030914823053232625347
0.000000000041797103138013581300
0.000000000048140751060472197255
0.000000000036458507198701617561
0.000000000023580131129466857559
0.000000000024955832607470777210
0.000000000027041802463572049453
0.000000000017612132319092101711
0.000000000010130273357269857078
0.000000000013765710646813128654
0.000000000015060291627136931012
0.000000000007874665794371605837
0.000000000005361953318652949142
0.000000000010627426699085526587
0.000000000011026051933695546516
0.000000000005301630659339482908
0.000000000003572750068364286183
0.000000000005273747476304674637
0.000000000003738457204473430118
0.000000000001146823159118419177
0.000000000001633462082713148792
0.000000000003132632865679292300
0.000000000003049869395575363108
0.000000000002135899048394738158
0.000000000002499725081902793815
0.000000000003779727133120073057
0.000000000003005172046115207423
0.000000000001168045988988472902
0.000000000001480809306367496231
0.000000000001996160637930967776
0.000000000000874335132289181697
0.000000000000317219107072146922
0.000000000000933308251722792839
0.000000000000823136271644895189
0.000000000000101089676081621150
0.000000000000680369112005795178
0.000000000000931148369302399526
0.000000000000134707047760947090
0.000000000001030992550162096593
0.000000000001268101718477830519
0.000000000000423649270807616115
0.000000000002266312976258999552
0.000000000001635231104096348562
0.000000000001282939908924991969
0.000000000002986065256773590693
0.000000000000710176708142342891
0.000000000001456587652111098020
0.000000000000589209934375162703
0.000000000000699635662822883223
0.000000000000414876320685545826
0.000000000002031190276440679742
0.000000000002976742713001653989
0.000000000000876620765435086614
0.000000000002146196873783899598
0.000000000000578834885260923624
0.000000000000948217682795719298
0.000000000014994857633876585041
0.000000000019017757817546634055
0.000000000005867510353184100609
0.000000000008932644625520481627
0.000000000055103120198236916716
0.000000000020757196900626403798
0.000000000004471312068787052725
0.000000000031089673068432275300
0.000000000008783186434257103660
0.000000000046303270322141998339
0.000000000010841921142703403233
0.000000000049835478067227184635
0.000000000080852536296023643650
0.000000000051198277370561600787
