0.000000000000000003789307209193
0.000000000000000003785333855535
0.000000000000000003773430820190
0.000000000000000003753649102338
0.000000000000000003726073441966
0.000000000000000003690821933280
0.000000000000000003648045486242
0.000000000000000003597927138960
0.000000000000000003540681224421
0.000000000000000003476552395791
0.000000000000000003405814515214
0.000000000000000003328769411696
0.000000000000000003245745514354
0.000000000000000003157096367853
0.000000000000000003063199037480
0.000000000000000002964452411788
0.000000000000000002861275411230
0.000000000000000002754105111650
0.000000000000000002643394791825
0.000000000000000002529611914649
0.000000000000000002413236051739
0.000000000000000002294756761527
0.000000000000000002174671431013
0.000000000000000002053483091480
0.000000000000000001931698218510
0.000000000000000001809824526634
0.000000000000000001688368768889
0.000000000000000001567834551415
0.000000000000000001448720173098
0.000000000000000001331516499995
0.000000000000000001216704884050
0.000000000000000001104755135275
0.000000000000000000996123556216
0.000000000000000000891251047126
0.000000000000000000790561289844
0.000000000000000000694459017889
0.000000000000000000603328379798
0.000000000000000000517531402197
0.000000000000000000437406558551
0.000000000000000000363267448963
0.000000000000000000295401595804
0.000000000000000000234069359370
0.000000000000000000179502977116
0.000000000000000000131905729451
0.000000000000000000091451234422
0.000000000000000000058282873000
0.000000000000000000032513346105
0.000000000000000000014224363853
0.000000000000000000003466466940
0.000000000000000000000258979511
0.000000000000000000004590092253
0.000000000000000000016417073947
0.000000000000000000035666609179
0.000000000000000000062235259369
0.000000000000000000095990043865
0.000000000000000000136769137337
0.000000000000000000184382679302
0.000000000000000000238613691236
0.000000000000000000299219096322
0.000000000000000000365930836572
0.000000000000000000438457081761
0.000000000000000000516483524313
0.000000000000000000599674754047
0.000000000000000000687675706500
0.000000000000000000780113178317
0.000000000000000000876597403098
0.000000000000000000976723680938
0.000000000000000001080074054812
0.000000000000000001186219026917
0.000000000000000001294719308009
0.000000000000000001405127592803
0.000000000000000001516990354510
0.000000000000000001629849651602
0.000000000000000001743244940020
0.000000000000000001856714884057
0.000000000000000001969799159319
0.000000000000000002082040241253
0.000000000000000002192985172908
0.000000000000000002302187305717
0.000000000000000002409208007330
0.000000000000000002513618330645
0.000000000000000002615000638459
0.000000000000000002712950178329
0.000000000000000002807076602496
0.000000000000000002897005427929
0.000000000000000002982379431836
0.000000000000000003062859978200
0.000000000000000003138128271191
0.000000000000000003207886531552
0.000000000000000003271859092340
0.000000000000000003329793410686
0.000000000000000003381460992493
0.000000000000000003426658227306
0.000000000000000003465207130854
0.000000000000000003496955993058
0.000000000000000003521779929597
0.000000000000000003539581335401
0.000000000000000003550290238746
0.000000000000000003553864554926
