0.000000000001113175818497798082
0.000000000001103504862155321627
0.000000000001074922105561902893
0.000000000001028690310896164961
0.000000000000966824352752612924
0.000000000000891964081269080792
0.000000000000807210539433245651
0.000000000000715938173819667321
0.000000000000621597228609862147
0.000000000000527520813631773235
0.000000000000436750197394788094
0.000000000000351889824348174789
0.000000000000275000623104917803
0.000000000000207536665604373962
0.000000000000150326503449345982
0.000000000000103596897940040789
0.000000000000067033493583568515
0.000000000000039870517597286552
0.000000000000020999992273299725
0.000000000000009090299153347760
0.000000000000002704213234730757
0.000000000000000407624264582025
0.000000000000000861903888684564
0.000000000000002895040024955946
0.000000000000005549002529466379
0.000000000000008103093387217811
0.000000000000010075066572665480
0.000000000000011203420883566286
0.000000000000011415374713446095
0.000000000000010785587260388135
0.000000000000009490716136405181
0.000000000000007764465465530548
0.000000000000005856985709051208
0.000000000000004001461550445922
0.000000000000002389597388420157
0.000000000000001156602957332887
0.000000000000000375296376031766
0.000000000000000058153541370449
0.000000000000000165585640737253
0.000000000000000618434574607899
0.000000000000001312625940086741
0.000000000000002134075965843522
0.000000000000002972262746992354
0.000000000000003731286313403329
0.000000000000004337699086018656
0.000000000000004744836178663106
0.000000000000004933771572766050
0.000000000000004911341529442737
0.000000000000004705893994980322
0.000000000000004361538050280053
0.000000000000003931687265283444
0.000000000000003472629953514225
0.000000000000003037737844358654
0.000000000000002672764989515687
0.000000000000002412512877410103
0.000000000000002278965410557180
0.000000000000002280844378241126
0.000000000000002414413397799235
0.000000000000002665272170744789
0.000000000000003010834897910611
0.000000000000003423174545464337
0.000000000000003871933152392017
0.000000000000004327040440146032
0.000000000000004761040683997536
0.000000000000005150893227914596
0.000000000000005479178021989796
0.000000000000005734698248884891
0.000000000000005912523152780139
0.000000000000006013552905031085
0.000000000000006043712618094156
0.000000000000006012894703771110
0.000000000000005933768998935166
0.000000000000005820570550385619
0.000000000000005687958197809113
0.000000000000005550015797708500
0.000000000000005419444657342625
0.000000000000005306972756061546
0.000000000000005220985444671763
0.000000000000005167364847115981
0.000000000000005149511935670970
0.000000000000005168516511450176
0.000000000000005223435968827963
0.000000000000005311643288000560
0.000000000000005429207476550442
0.000000000000005571274822644714
0.000000000000005732425941079307
0.000000000000005906990841344779
0.000000000000006089311383633339
0.000000000000006273946926541404
0.000000000000006455824299712339
0.000000000000006630337230067729
0.000000000000006793402957340182
0.000000000000006941485084117198
0.000000000000007071591916817616
0.000000000000007181258932851546
0.000000000000007268522845556477
0.000000000000007331893307320013
0.000000000000007370326821044948
0.000000000000007383206081235128
