0.000000000131268967068079479165
0.000000000121196790978745020197
0.000000000094768662183347402930
0.000000000061371337577597067132
0.000000000031291490704810113813
0.000000000011139187973472546738
0.000000000001896978638351024944
0.000000000000192261843036757191
0.000000000001373169615574568008
0.000000000002206266071813884664
0.000000000001797013363957757151
0.000000000000819946655390157308
0.000000000000169191308125519509
0.000000000000123823686811902916
0.000000000000371650005525667099
0.000000000000501652945679783865
0.000000000000384095257458025883
0.000000000000170713566037922337
0.000000000000055265078192240099
0.000000000000083745803401535124
0.000000000000160985818142947868
0.000000000000181642230848044064
0.000000000000128653117663457164
0.000000000000061156386242815346
0.000000000000036712446069724245
0.000000000000058049822903364428
0.000000000000085663562770047065
0.000000000000085905590627432533
0.000000000000060549308753159373
0.000000000000035731414286170856
0.000000000000031284260432086946
0.000000000000043759541106933909
0.000000000000055203669267094977
0.000000000000053158473449927014
0.000000000000040830042623494266
0.000000000000030540406788203176
0.000000000000030385895030523822
0.000000000000037749605247646680
0.000000000000043923305370245475
0.000000000000043187962069765676
0.000000000000037288506762951699
0.000000000000032367171783665041
0.000000000000032678786942177666
0.000000000000037238583587446096
0.000000000000041667878986634504
0.000000000000042570321860001392
0.000000000000040211544563695440
0.000000000000037608838776636304
0.000000000000037520427695051131
0.000000000000040229379523604925
0.000000000000043757129180669797
0.000000000000045845625890622915
0.000000000000045783690465466437
0.000000000000044680637873506751
0.000000000000044286226354816759
0.000000000000045546563387225255
0.000000000000048034952702833853
0.000000000000050505657092405074
0.000000000000051941269386002783
0.000000000000052239140061338445
0.000000000000052120459117965240
0.000000000000052481183332954777
0.000000000000053745093562682882
0.000000000000055658879850505670
0.000000000000057577705735173918
0.000000000000058953947615387748
0.000000000000059670627784822045
0.000000000000060037924773616702
0.000000000000060523418021518857
0.000000000000061437104130196626
0.000000000000062771879194266038
0.000000000000064262894592570797
0.000000000000065585914252124305
0.000000000000066551626109573627
0.000000000000067186746608097084
0.000000000000067680349221320798
0.000000000000068252709793601288
0.000000000000069032918750781367
0.000000000000070007519754641578
0.000000000000071051619147758383
0.000000000000072009478835196998
0.000000000000072774519187050055
0.000000000000073330390983159903
0.000000000000073742137819589256
0.000000000000074112293700908944
0.000000000000074529308658838791
0.000000000000075032656209147522
0.000000000000075605836903938670
0.000000000000076193791362100630
0.000000000000076731830684879146
0.000000000000077171682621765437
0.000000000000077495088433292365
0.000000000000077712793118698739
0.000000000000077853049410015117
0.000000000000077946777446436661
0.000000000000078016042864543587
0.000000000000078069617920781699
0.000000000000078105674431753258
0.000000000000078118613485540899
