0.000000000000000256896633515610
0.000000000000000256607976899149
0.000000000000000255743423144185
0.000000000000000254307211956706
0.000000000000000252306380988965
0.000000000000000249750723285056
0.000000000000000246652728166716
0.000000000000000243027506015787
0.000000000000000238892697532431
0.000000000000000234268368165075
0.000000000000000229176888518098
0.000000000000000223642801645475
0.000000000000000217692678231894
0.000000000000000211354960746556
0.000000000000000204659797728143
0.000000000000000197638869421715
0.000000000000000190325206039136
0.000000000000000182752999953679
0.000000000000000174957413166482
0.000000000000000166974381397531
0.000000000000000158840416156839
0.000000000000000150592406142704
0.000000000000000142267419293681
0.000000000000000133902506789639
0.000000000000000125534510255541
0.000000000000000117199873370082
0.000000000000000108934459020683
0.000000000000000100773373077592
0.000000000000000092750795783614
0.000000000000000084899821673519
0.000000000000000077252308849176
0.000000000000000069838738344176
0.000000000000000062688084215989
0.000000000000000055827694905727
0.000000000000000049283186306263
0.000000000000000043078346879869
0.000000000000000037235055067587
0.000000000000000031773209135219
0.000000000000000026710669505928
0.000000000000000022063213537818
0.000000000000000017844502617242
0.000000000000000014066061355663
0.000000000000000010737268600171
0.000000000000000007865359895852
0.000000000000000005455440972467
0.000000000000000003510511768636
0.000000000000000002031500454316
0.000000000000000001017306866782
0.000000000000000000464854736852
0.000000000000000000369152050631
0.000000000000000000723358867493
0.000000000000000001518861897409
0.000000000000000002745355129607
0.000000000000000004390925799936
0.000000000000000006442144985641
0.000000000000000008884162123392
0.000000000000000011700802758812
0.000000000000000014874668853045
0.000000000000000018387240993695
0.000000000000000022218981883167
0.000000000000000026349440506698
0.000000000000000030757356414590
0.000000000000000035420763587935
0.000000000000000040317093393948
0.000000000000000045423276175375
0.000000000000000050715841057989
0.000000000000000056171013600335
0.000000000000000061764810950343
0.000000000000000067473134213730
0.000000000000000073271857778928
0.000000000000000079136915382254
0.000000000000000085044382734872
0.000000000000000090970556569530
0.000000000000000096892029999804
0.000000000000000102785764117504
0.000000000000000108629155784697
0.000000000000000114400101605494
0.000000000000000120077058089028
0.000000000000000125639098038986
0.000000000000000131065963226484
0.000000000000000136338113421983
0.000000000000000141436771878364
0.000000000000000146343967371119
0.000000000000000151042572913034
0.000000000000000155516341269630
0.000000000000000159749937408244
0.000000000000000163728968017848
0.000000000000000167440008238771
0.000000000000000170870625741444
0.000000000000000174009402291245
0.000000000000000176845952932604
0.000000000000000179370942919906
0.000000000000000181576102515488
0.000000000000000183454239766303
0.000000000000000184999251360852
0.000000000000000186206131656787
0.000000000000000187070979957399
0.000000000000000187591006102182
0.000000000000000187764534422885
