0.000000000000000406362603637577
0.000000000000000405897359203106
0.000000000000000404503988593914
0.000000000000000402189564674487
0.000000000000000398965824952187
0.000000000000000394849096120795
0.000000000000000389860189303993
0.000000000000000384024266869954
0.000000000000000377370681921089
0.000000000000000369932791784093
0.000000000000000361747747032542
0.000000000000000352856257765258
0.000000000000000343302339036579
0.000000000000000333133037487939
0.000000000000000322398141362314
0.000000000000000311149876193032
0.000000000000000299442588545299
0.000000000000000287332420251976
0.000000000000000274876975624443
0.000000000000000262134984134689
0.000000000000000249165961056515
0.000000000000000236029868522366
0.000000000000000222786779398741
0.000000000000000209496546308353
0.000000000000000196218478032605
0.000000000000000183011025414928
0.000000000000000169931478755821
0.000000000000000157035678545818
0.000000000000000144377741225081
0.000000000000000132009801489830
0.000000000000000119981772488568
0.000000000000000108341125067081
0.000000000000000097132687032714
0.000000000000000086398463217454
0.000000000000000076177476928064
0.000000000000000066505633181830
0.000000000000000057415603940316
0.000000000000000048936735372655
0.000000000000000041094977005996
0.000000000000000033912832455232
0.000000000000000027409331268451
0.000000000000000021600021279748
0.000000000000000016496980728218
0.000000000000000012108849281793
0.000000000000000008440876997824
0.000000000000000005494990159278
0.000000000000000003269872846464
0.000000000000000001761063039361
0.000000000000000000961061994836
0.000000000000000000859455606049
0.000000000000000001443046427885
0.000000000000000002695995041625
0.000000000000000004599969433908
0.000000000000000007134301078405
0.000000000000000010276146432830
0.000000000000000014000652598097
0.000000000000000018281125929592
0.000000000000000023089202441719
0.000000000000000028395018905144
0.000000000000000034167383600444
0.000000000000000040373945761152
0.000000000000000046981362812497
0.000000000000000053955464588519
0.000000000000000061261413788659
0.000000000000000068863862014600
0.000000000000000076727100808107
0.000000000000000084815207190157
0.000000000000000093092183279991
0.000000000000000101522089649200
0.000000000000000110069172139951
0.000000000000000118697981947474
0.000000000000000127373488834432
0.000000000000000136061187408441
0.000000000000000144727196453444
0.000000000000000153338351360585
0.000000000000000161862289754509
0.000000000000000170267530456440
0.000000000000000178523545965951
0.000000000000000186600828678859
0.000000000000000194470951089364
0.000000000000000202106620250243
0.000000000000000209481726785856
0.000000000000000216571388769001
0.000000000000000223351990784349
0.000000000000000229801218508604
0.000000000000000235898089140776
0.000000000000000241622978015234
0.000000000000000246957641725863
0.000000000000000251885238081740
0.000000000000000256390343203694
0.000000000000000260458966057072
0.000000000000000264078560699247
0.000000000000000267238036501183
0.000000000000000269927766580913
0.000000000000000272139594663375
0.000000000000000273866840555867
0.000000000000000275104304401807
0.000000000000000275848269847522
0.000000000000000276096506227968
