0.000000000000000012279799610082
0.000000000000000012266796802640
0.000000000000000012227845208237
0.000000000000000012163115038990
0.000000000000000012072889077715
0.000000000000000011957561327112
0.000000000000000011817635129048
0.000000000000000011653720764318
0.000000000000000011466532546051
0.000000000000000011256885422733
0.000000000000000011025691109401
0.000000000000000010773953768145
0.000000000000000010502765261374
0.000000000000000010213300003569
0.000000000000000009906809439274
0.000000000000000009584616176959
0.000000000000000009248107810063
0.000000000000000008898730458018
0.000000000000000008537982061286
0.000000000000000008167405465546
0.000000000000000007788581330946
0.000000000000000007403120902995
0.000000000000000007012658682002
0.000000000000000006618845028188
0.000000000000000006223338739490
0.000000000000000005827799638833
0.000000000000000005433881207142
0.000000000000000005043223297686
0.000000000000000004657444966452
0.000000000000000004278137452180
0.000000000000000003906857338427
0.000000000000000003545119928646
0.000000000000000003194392863658
0.000000000000000002856090009238
0.000000000000000002531565639674
0.000000000000000002222108941247
0.000000000000000001928938857540
0.000000000000000001653199296390
0.000000000000000001395954716103
0.000000000000000001158186106364
0.000000000000000000940787377011
0.000000000000000000744562165563
0.000000000000000000570221072146
0.000000000000000000418379328188
0.000000000000000000289554903027
0.000000000000000000184167050373
0.000000000000000000102535294441
0.000000000000000000044878853456
0.000000000000000000011316496265
0.000000000000000000001866825816
0.000000000000000000016448981459
0.000000000000000000054883750274
0.000000000000000000116895075981
0.000000000000000000202111952488
0.000000000000000000310070687695
0.000000000000000000440217521896
0.000000000000000000591911583935
0.000000000000000000764428167238
0.000000000000000000956962306887
0.000000000000000001168632638131
0.000000000000000001398485516002
0.000000000000000001645499375188
0.000000000000000001908589308807
0.000000000000000002186611844449
0.000000000000000002478369895569
0.000000000000000002782617866243
0.000000000000000003098066887236
0.000000000000000003423390161424
0.000000000000000003757228396767
0.000000000000000004098195305268
0.000000000000000004444883146678
0.000000000000000004795868296101
0.000000000000000005149716815083
0.000000000000000005504990006320
0.000000000000000005860249932639
0.000000000000000006214064881539
0.000000000000000006565014757234
0.000000000000000006911696382776
0.000000000000000007252728695597
0.000000000000000007586757820503
0.000000000000000007912462004901
0.000000000000000008228556401824
0.000000000000000008533797687056
0.000000000000000008826988497441
0.000000000000000009106981678256
0.000000000000000009372684328251
0.000000000000000009623061631775
0.000000000000000009857140468129
0.000000000000000010074012789056
0.000000000000000010272838756017
0.000000000000000010452849629614
0.000000000000000010613350404269
0.000000000000000010753722181930
0.000000000000000010873424279312
0.000000000000000010971996063830
0.000000000000000011049058514053
0.000000000000000011104315501193
0.000000000000000011137554788760
0.000000000000000011148648748173
