0.000000000265410124021538036582
0.000000000236918204731871949418
0.000000000166188858147707131376
0.000000000086899887617223455993
0.000000000029196815893412579617
0.000000000003697545622689897837
0.000000000002066031926523553732
0.000000000008976839426729330544
0.000000000013406534501762692804
0.000000000012272489332909576908
0.000000000007827140866263241032
0.000000000003559198893490365846
0.000000000001567350193102416022
0.000000000001863049440409386774
0.000000000003064121009190196977
0.000000000003710772380297915025
0.000000000003274185165489901516
0.000000000002224275713994507197
0.000000000001345748602151960846
0.000000000001056476397855187819
0.000000000001253960537056488967
0.000000000001593175011953150646
0.000000000001786970352481375037
0.000000000001708860155852795726
0.000000000001390359693486442778
0.000000000001028198617006342862
0.000000000000905510310283461834
0.000000000001130384324869847239
0.000000000001436318947718023444
0.000000000001415183960134658963
0.000000000001030645946316745012
0.000000000000724905805078988407
0.000000000000852605407937645766
0.000000000001168585432692151189
0.000000000001150594070876358211
0.000000000000754324978144333334
0.000000000000486210318907296176
0.000000000000650057778424171486
0.000000000000895551409405332711
0.000000000000765484216436066944
0.000000000000398103930814088073
0.000000000000295743979016422551
0.000000000000535017600992579985
0.000000000000661404234607194919
0.000000000000413898784395152267
0.000000000000124671889332784110
0.000000000000186087767882782025
0.000000000000449563122353650999
0.000000000000478594921354376034
0.000000000000213426535160895772
0.000000000000019324251083745835
0.000000000000113224469255995214
0.000000000000282823133546450624
0.000000000000257682253205228650
0.000000000000089863542700430432
0.000000000000005265764950313404
0.000000000000053016394775644901
0.000000000000093735683628687887
0.000000000000052907719827340157
0.000000000000006596451886816543
0.000000000000024698998931548522
0.000000000000066724409718268154
0.000000000000065966776042349898
0.000000000000030330600099458978
0.000000000000016189355799683873
0.000000000000046698898470380802
0.000000000000090474956719900814
0.000000000000103633373916478406
0.000000000000074522993353842870
0.000000000000031360502358337986
0.000000000000010112303968989779
0.000000000000017643914347657432
0.000000000000034501227142590431
0.000000000000046003880056088208
0.000000000000048778822923430338
0.000000000000036132052082413280
0.000000000000012117955852654837
0.000000000000010496342695583262
0.000000000000052890694907510227
0.000000000000105230369350867042
0.000000000000145860429484651289
0.000000000000245610133163818032
0.000000000000448448463439317499
0.000000000000585755692372391030
0.000000000000434681910105857453
0.000000000000149795479116051981
0.000000000000252161538265910316
0.000000000000917871765835752044
0.000000000001509986646478894884
0.000000000001273925288184748745
0.000000000000440293915654723798
0.000000000000077745991033938581
0.000000000000668055052557390072
0.000000000001383316121193208991
0.000000000001220860205451900994
0.000000000000419453394023667672
0.000000000000065385684472030757
0.000000000000477417423744067530
0.000000000000816317126911600618
