0.000000018925377272185329169642
0.000000008155035889864397892650
0.000000000137313646067932944479
0.000000000156917940862472647514
0.000000000077121869175874354100
0.000000000100735516157010605186
0.000000000052786421599151624575
0.000000000073675156282247343683
0.000000000007590033839414946055
0.000000000029389249443838970875
0.000000000049786239468749291576
0.000000000026131482634537553965
0.000000000052700683141724922072
0.000000000015572625913951539729
0.000000000029399419077711942155
0.000000000014806002159944548844
0.000000000021607415942917026612
0.000000000022356928818612577009
0.000000000018239373314843051643
0.000000000023338277977038133278
0.000000000016623646422988151863
0.000000000021009928101948712350
0.000000000012102105235954280239
0.000000000017455647924199332240
0.000000000009406210888911139702
0.000000000012922591991523205871
0.000000000008081277407651734279
0.000000000010339983537092924301
0.000000000006759535558721716799
0.000000000008511432570067288238
0.000000000006153471438697181220
0.000000000006242084556439612980
0.000000000006234775088387690618
0.000000000004282455246792611209
0.000000000006026805135147598771
0.000000000003281155703774099662
0.000000000005005138068876323276
0.000000000003164781403475242805
0.000000000003457177184396338379
0.000000000003430048888285243681
0.000000000002020408489200015502
0.000000000003404952228143091668
0.000000000001252518959730658485
0.000000000002719350056044531599
0.000000000001233680577044766421
0.000000000001625356185334006032
0.000000000001539293269184734370
0.000000000000741527162804641521
0.000000000001648988013898449687
0.000000000000467649364908194451
0.000000000001394555148512243668
0.000000000000596534899617374022
0.000000000000933119654140789776
0.000000000000580178811635078342
0.000000000000535015394236211597
0.000000000000324397950678681386
0.000000000000515173972764034664
0.000000000000130696643793133723
0.000000000000745405146964415959
0.000000000000090871076869343540
0.000000000000683898920381378313
0.000000000000089128350601895344
0.000000000000313197741703795916
0.000000000000246356378078401218
0.000000000000029714066963207887
0.000000000000552760411515430803
0.000000000000032810346618116805
0.000000000000558417527124955951
0.000000000000026272002203218433
0.000000000000150538324207389393
0.000000000000253579322137240870
0.000000000000068273557558362797
0.000000000000626761754834072224
0.000000000000094065952556508823
0.000000000000242363372427065174
0.000000000000106563673880964029
0.000000000000065506378426296469
0.000000000000643214362024842633
0.000000000000351802925873822510
0.000000000000142903795336478819
0.000000000000018213933142608628
0.000000000000527256370943300738
0.000000000000539292001216047852
0.000000000000773219421429969238
0.000000000001134260565314969313
0.000000000002354984112832711671
0.000000000000636279785403896832
0.000000000003509334956731730708
0.000000000001518756388528293764
0.000000000000406043231039004171
0.000000000004129689720726489090
0.000000000003805336073289588580
0.000000000007661367880329771552
0.000000000005504163680557147127
0.000000000006479731058763626086
0.000000000000518802807450254796
0.000000000032235796859185012135
0.000000000027470261418266838403
0.000000000016099082270370782858
