0.000000000000097702058848271823
0.000000000000097373331025328663
0.000000000000096392907234971795
0.000000000000094777919032065180
0.000000000000092556432179503782
0.000000000000089766732927801424
0.000000000000086456361196585750
0.000000000000082680921550085456
0.000000000000078502709619956753
0.000000000000073989196968296370
0.000000000000069211421118630764
0.000000000000064242329499531858
0.000000000000059155126303754266
0.000000000000054021669798132794
0.000000000000048910964528643606
0.000000000000043887788317324061
0.000000000000039011488163825729
0.000000000000034334972407779296
0.000000000000029903919072227933
0.000000000000025756212502310661
0.000000000000021921612548033750
0.000000000000018421652914342969
0.000000000000015269758190501500
0.000000000000012471562713724959
0.000000000000010025409015407950
0.000000000000007922999288912217
0.000000000000006150170199706420
0.000000000000004687759471946896
0.000000000000003512532018735262
0.000000000000002598133876721265
0.000000000000001916043757813654
0.000000000000001436494505212276
0.000000000000001129339975167321
0.000000000000000964846679818814
0.000000000000000914393731793820
0.000000000000000951069039806039
0.000000000000001050154136300421
0.000000000000001189494308154830
0.000000000000001349754705033637
0.000000000000001514566697254745
0.000000000000001670571853324811
0.000000000000001807373442420446
0.000000000000001917407303124616
0.000000000000001995745247622853
0.000000000000002039844905725088
0.000000000000002049260092125632
0.000000000000002025325457284963
0.000000000000001970828424543676
0.000000000000001889680299956832
0.000000000000001786597048196012
0.000000000000001666798640120630
0.000000000000001535734175330451
0.000000000000001398838240970148
0.000000000000001261322253454071
0.000000000000001128002900484329
0.000000000000001003168304186011
0.000000000000000890481198855614
0.000000000000000792917284218112
0.000000000000000712735992195622
0.000000000000000651480197278762
0.000000000000000610000904324892
0.000000000000000588502652338738
0.000000000000000586605261971073
0.000000000000000603417607095333
0.000000000000000637619282845023
0.000000000000000687546348163153
0.000000000000000751277713970744
0.000000000000000826719202789171
0.000000000000000911682797747565
0.000000000000001003959106167552
0.000000000000001101381565740921
0.000000000000001201881403030717
0.000000000000001303532801063832
0.000000000000001404588134705639
0.000000000000001503503481920874
0.000000000000001598954911393456
0.000000000000001689846280367042
0.000000000000001775309451334657
0.000000000000001854697954657268
0.000000000000001927575190231195
0.000000000000001993698280096069
0.000000000000002052998661421130
0.000000000000002105560452248108
0.000000000000002151597537610512
0.000000000000002191430218127462
0.000000000000002225462143625242
0.000000000000002254158127132236
0.000000000000002278023305551485
0.000000000000002297583987621485
0.000000000000002313370411880800
0.000000000000002325901530920060
0.000000000000002335671846085722
0.000000000000002343140241023746
0.000000000000002348720704243203
0.000000000000002352774790692406
0.000000000000002355605649900735
0.000000000000002357453442610025
0.000000000000002358491977466355
0.000000000000002358826422216010
