0.000000000000010487716705732817
0.000000000000010469045435232155
0.000000000000010413202126275680
0.000000000000010320696035484751
0.000000000000010192368458720534
0.000000000000010029381666260533
0.000000000000009833203675083416
0.000000000000009605589114746150
0.000000000000009348556507439342
0.000000000000009064362340335176
0.000000000000008755472358174898
0.000000000000008424530545240182
0.000000000000008074326297684604
0.000000000000007707760309159157
0.000000000000007327809704471084
0.000000000000006937492957624850
0.000000000000006539835122191588
0.000000000000006137833883945754
0.000000000000005734426918704077
0.000000000000005332461003096453
0.000000000000004934663283546358
0.000000000000004543615060124768
0.000000000000004161728388354324
0.000000000000003791225744736366
0.000000000000003434122942044799
0.000000000000003092215419575069
0.000000000000002767067972822878
0.000000000000002460007927709119
0.000000000000002172121707594661
0.000000000000001904254687965416
0.000000000000001657014184713282
0.000000000000001430775378150724
0.000000000000001225689936883786
0.000000000000001041697073880434
0.000000000000000878536741800337
0.000000000000000735764656032777
0.000000000000000612768821906225
0.000000000000000508787237028693
0.000000000000000422926440407485
0.000000000000000354180586480923
0.000000000000000301450733977161
0.000000000000000263564056021321
0.000000000000000239292698506690
0.000000000000000227372037751820
0.000000000000000226518115183570
0.000000000000000235444055511188
0.000000000000000252875304894349
0.000000000000000277563556290275
0.000000000000000308299259861770
0.000000000000000343922646459147
0.000000000000000383333221232757
0.000000000000000425497711932325
0.000000000000000469456482017371
0.000000000000000514328442024179
0.000000000000000559314513466066
0.000000000000000603699717713316
0.000000000000000646853977703346
0.000000000000000688231732931047
0.000000000000000727370477983048
0.000000000000000763888341980075
0.000000000000000797480830796600
0.000000000000000827916855993753
0.000000000000000855034174218773
0.000000000000000878734358605403
0.000000000000000898977419685436
0.000000000000000915776187734044
0.000000000000000929190561567069
0.000000000000000939321720833247
0.000000000000000946306390038656
0.000000000000000950311233135200
0.000000000000000951527447716888
0.000000000000000950165617898490
0.000000000000000946450874983779
0.000000000000000940618405228865
0.000000000000000932909334512917
0.000000000000000923567010666708
0.000000000000000912833695680595
0.000000000000000900947672100038
0.000000000000000888140760681671
0.000000000000000874636239871840
0.000000000000000860647151911450
0.000000000000000846374975380708
0.000000000000000832008639776239
0.000000000000000817723854251511
0.000000000000000803682719930001
0.000000000000000790033593191988
0.000000000000000776911166006338
0.000000000000000764436728689723
0.000000000000000752718580384967
0.000000000000000741852553013095
0.000000000000000731922615423955
0.000000000000000723001525901383
0.000000000000000715151503024365
0.000000000000000708424887099619
0.000000000000000702864766919015
0.000000000000000698505549413932
0.000000000000000695373452836437
0.000000000000000693486907353932
0.000000000000000692856850361167
