0.000000000000000051938926234288
0.000000000000000051882862033624
0.000000000000000051714924023973
0.000000000000000051435874658083
0.000000000000000051046980284684
0.000000000000000050550004568862
0.000000000000000049947199338696
0.000000000000000049241292915683
0.000000000000000048435476002153
0.000000000000000047533385213944
0.000000000000000046539084360985
0.000000000000000045457043592015
0.000000000000000044292116532310
0.000000000000000043049515554985
0.000000000000000041734785336983
0.000000000000000040353774860306
0.000000000000000038912608027239
0.000000000000000037417653065243
0.000000000000000035875490902834
0.000000000000000034292882702032
0.000000000000000032676736735928
0.000000000000000031034074801506
0.000000000000000029371998358099
0.000000000000000027697654580805
0.000000000000000026018202515842
0.000000000000000024340779521229
0.000000000000000022672468171394
0.000000000000000021020263798432
0.000000000000000019391042835755
0.000000000000000017791532121971
0.000000000000000016228279313990
0.000000000000000014707624548767
0.000000000000000013235673482727
0.000000000000000011818271827053
0.000000000000000010460981485528
0.000000000000000009169058389843
0.000000000000000007947432115122
0.000000000000000006800687346104
0.000000000000000005733047251997
0.000000000000000004748358815599
0.000000000000000003850080149941
0.000000000000000003041269823585
0.000000000000000002324578203815
0.000000000000000001702240815442
0.000000000000000001176073701840
0.000000000000000000747470764197
0.000000000000000000417403044932
0.000000000000000000186419911694
0.000000000000000000054652089610
0.000000000000000000021816481239
0.000000000000000000087222706289
0.000000000000000000249781286455
0.000000000000000000508013394770
0.000000000000000000860062083694
0.000000000000000001303704901703
0.000000000000000001836367804487
0.000000000000000002455140263911
0.000000000000000003156791475680
0.000000000000000003937787565145
0.000000000000000004794309689824
0.000000000000000005722272937053
0.000000000000000006717345915542
0.000000000000000007774970940637
0.000000000000000008890384714549
0.000000000000000010058639404834
0.000000000000000011274624026808
0.000000000000000012533086038395
0.000000000000000013828653059102
0.000000000000000015155854628208
0.000000000000000016509143921042
0.000000000000000017882919346053
0.000000000000000019271545949527
0.000000000000000020669376558933
0.000000000000000022070772600174
0.000000000000000023470124528320
0.000000000000000024861871815659
0.000000000000000026240522445221
0.000000000000000027600671862051
0.000000000000000028937021338641
0.000000000000000030244395714886
0.000000000000000031517760476739
0.000000000000000032752238141380
0.000000000000000033943123920207
0.000000000000000035085900634185
0.000000000000000036176252859167
0.000000000000000037210080281623
0.000000000000000038183510247834
0.000000000000000039092909491994
0.000000000000000039934895030829
0.000000000000000040706344214281
0.000000000000000041404403923541
0.000000000000000042026498909237
0.000000000000000042570339263917
0.000000000000000043033927024092
0.000000000000000043415561898108
0.000000000000000043713846116915
0.000000000000000043927688405501
0.000000000000000044056307073327
0.000000000000000044099232222561
