0.000000000000000006219358504033
0.000000000000000006212813229161
0.000000000000000006193205658698
0.000000000000000006160620423855
0.000000000000000006115198139862
0.000000000000000006057134753189
0.000000000000000005986680632462
0.000000000000000005904139407827
0.000000000000000005809866564858
0.000000000000000005704267800322
0.000000000000000005587797148407
0.000000000000000005460954887133
0.000000000000000005324285235813
0.000000000000000005178373855450
0.000000000000000005023845164959
0.000000000000000004861359486954
0.000000000000000004691610037680
0.000000000000000004515319776375
0.000000000000000004333238129980
0.000000000000000004146137609638
0.000000000000000003954810335877
0.000000000000000003760064489685
0.000000000000000003562720706947
0.000000000000000003363608433831
0.000000000000000003163562260759
0.000000000000000002963418252548
0.000000000000000002764010292114
0.000000000000000002566166454940
0.000000000000000002370705431112
0.000000000000000002178433011335
0.000000000000000001990138652822
0.000000000000000001806592140351
0.000000000000000001628540357142
0.000000000000000001456704179461
0.000000000000000001291775508069
0.000000000000000001134414448804
0.000000000000000000985246653656
0.000000000000000000844860832790
0.000000000000000000713806446969
0.000000000000000000592591588836
0.000000000000000000481681060477
0.000000000000000000381494653653
0.000000000000000000292405638012
0.000000000000000000214739461551
0.000000000000000000148772666520
0.000000000000000000094732022932
0.000000000000000000052793880784
0.000000000000000000023083741094
0.000000000000000000005676044843
0.000000000000000000000594177989
0.000000000000000000007810689727
0.000000000000000000027247720341
0.000000000000000000058777634100
0.000000000000000000102223851842
0.000000000000000000157361877164
0.000000000000000000223920509375
0.000000000000000000301583235758
0.000000000000000000389989795028
0.000000000000000000488737903367
0.000000000000000000597385133889
0.000000000000000000715450939937
0.000000000000000000842418812261
0.000000000000000000977738559737
0.000000000000000001120828703062
0.000000000000000001271078970580
0.000000000000000001427852885256
0.000000000000000001590490431664
0.000000000000000001758310791781
0.000000000000000001930615138358
0.000000000000000002106689474634
0.000000000000000002285807509223
0.000000000000000002467233555097
0.000000000000000002650225441717
0.000000000000000002834037429530
0.000000000000000003017923116250
0.000000000000000003201138324570
0.000000000000000003382943961204
0.000000000000000003562608837446
0.000000000000000003739412441726
0.000000000000000003912647654979
0.000000000000000004081623399964
0.000000000000000004245667216063
0.000000000000000004404127751411
0.000000000000000004556377164641
0.000000000000000004701813428876
0.000000000000000004839862531039
0.000000000000000004969980559926
0.000000000000000005091655676926
0.000000000000000005204409963670
0.000000000000000005307801141328
0.000000000000000005401424156671
0.000000000000000005484912630473
0.000000000000000005557940164215
0.000000000000000005620221501513
0.000000000000000005671513541083
0.000000000000000005711616198512
0.000000000000000005740373114506
0.000000000000000005757672207713
0.000000000000000005763446070657
