0.000000000004020894690902363622
0.000000000003959437146779697735
0.000000000003779823560938443734
0.000000000003495805308579626303
0.000000000003128619960453253484
0.000000000002704707206079180232
0.000000000002252949264579924230
0.000000000001801792117875802521
0.000000000001376604671657002549
0.000000000000997582381499553118
0.000000000000678410005282105017
0.000000000000425781195712929999
0.000000000000239750027570612971
0.000000000000114780371488926277
0.000000000000041278890084292798
0.000000000000007356068100811942
0.000000000000000559752282623233
0.000000000000009362905767459647
0.000000000000024251844647945240
0.000000000000038339926256341271
0.000000000000047510520811754689
0.000000000000050159805686269653
0.000000000000046655710730536268
0.000000000000038650044269198414
0.000000000000028376976472276225
0.000000000000018047155620455893
0.000000000000009409928149574760
0.000000000000003514596849824238
0.000000000000000663020931187988
0.000000000000000516007955142935
0.000000000000002298245924386458
0.000000000000005041682772469708
0.000000000000007813654166304403
0.000000000000009890420726081096
0.000000000000010855058908028137
0.000000000000010616890678585318
0.000000000000009364636000442940
0.000000000000007475219405121015
0.000000000000005403970008778642
0.000000000000003580326952522174
0.000000000000002327473666943859
0.000000000000001816403368672806
0.000000000000002056631090801729
0.000000000000002918676258974679
0.000000000000004178582647051854
0.000000000000005572552908365189
0.000000000000006850125101505634
0.000000000000007816655389242639
0.000000000000008359399362397755
0.000000000000008455356851400429
0.000000000000008162521610783363
0.000000000000007598732991097184
0.000000000000006913699504399224
0.000000000000006259946490335324
0.000000000000005767628283277538
0.000000000000005526664493158900
0.000000000000005577882708964996
0.000000000000005913123677931159
0.000000000000006482859757577180
0.000000000000007208957029946891
0.000000000000007999828863995344
0.000000000000008765340469865904
0.000000000000009429317367680314
0.000000000000009938236108593460
0.000000000000010265477924549145
0.000000000000010411269977343748
0.000000000000010399025801150035
0.000000000000010269171526872167
0.000000000000010071695470912350
0.000000000000009858608976014673
0.000000000000009677303557428256
0.000000000000009565492912531836
0.000000000000009548098277568295
0.000000000000009636123794961018
0.000000000000009827312965227786
0.000000000000010108199738035922
0.000000000000010457074661819666
0.000000000000010847371281030390
0.000000000000011251025308843245
0.000000000000011641449085195008
0.000000000000011995875814293865
0.000000000000012296943702957290
0.000000000000012533495200316557
0.000000000000012700651821791276
0.000000000000012799286056287848
0.000000000000012835048098763153
0.000000000000012817118926191478
0.000000000000012756856467897628
0.000000000000012666482838134882
0.000000000000012557932215312218
0.000000000000012441944889454159
0.000000000000012327456580877210
0.000000000000012221296162198237
0.000000000000012128171818025114
0.000000000000012050897605199168
0.000000000000011990791219981792
0.000000000000011948161056285196
0.000000000000011922797313719376
0.000000000000011914388185964377
