0.000000346364979065226561076547
0.000000000075019908430366513018
0.000000000898231401940266940175
0.000000001186495056487749247614
0.000000000001403844000945869005
0.000000000189050010278148349071
0.000000000283757529182352146474
0.000000000334590879154116079873
0.000000000136489116153891594511
0.000000000076464916181171392906
0.000000000083516210022693308351
0.000000000115113102762864538942
0.000000000146181100806220005674
0.000000000160355422671693646865
0.000000000172024926219828241023
0.000000000146092106825161823846
0.000000000130741670965480558303
0.000000000124947117420906048651
0.000000000121922552190273619981
0.000000000111427929616258354832
0.000000000085192601380980495129
0.000000000076027762763706399646
0.000000000074735917866089747837
0.000000000069415555781214836051
0.000000000063382682201338697253
0.000000000052990466635798122097
0.000000000038910795200668185650
0.000000000030126324970378392534
0.000000000030174625711122143469
0.000000000034931061572873976690
0.000000000036581036876149014872
0.000000000031509814756939749004
0.000000000025669195879255733341
0.000000000025848844445845411149
0.000000000028826976548883942761
0.000000000026018426339537909024
0.000000000017060772766526443998
0.000000000011361980784452020459
0.000000000013567890696028660903
0.000000000016559883951423275490
0.000000000013025886429188107834
0.000000000006329568625666323541
0.000000000003871313733195077975
0.000000000005766163660230349517
0.000000000006480033155096673755
0.000000000003960115013497902776
0.000000000001546711350062306483
0.000000000002146971540510183524
0.000000000004367527700435971394
0.000000000004728180221569152776
0.000000000002668721468873894331
0.000000000001509619559031201676
0.000000000002842793269880340606
0.000000000003974858718257542138
0.000000000002882193820407946863
0.000000000001314498802318540624
0.000000000001551459420831890618
0.000000000002498672501759470238
0.000000000001737071814232273546
0.000000000000726680288614379149
0.000000000001309260825873144964
0.000000000001419304589368274699
0.000000000000553640222189618104
0.000000000000616823564479818353
0.000000000001151001391231833448
0.000000000000416193670978974540
0.000000000000721440437497206199
0.000000000001271741982639506640
0.000000000000567499245769343384
0.000000000000875121795275359659
0.000000000001072137106547796793
0.000000000000186910641562651835
0.000000000000548579729528972094
0.000000000000225500091165648359
0.000000000000968141004850318242
0.000000000001287634552861095801
0.000000000001359428592537397237
0.000000000001538550960728622498
0.000000000000294260234025449280
0.000000000000596038666444122458
0.000000000000483694910011055280
0.000000000003071898787374711999
0.000000000000413046210062262209
0.000000000001541646372336599321
0.000000000001326360440888623801
0.000000000000114234204249100624
0.000000000007750100207644617812
0.000000000003915691915410775210
0.000000000001076690446321710970
0.000000000010987614618027619607
0.000000000010912093797410331335
0.000000000010281827865493124370
0.000000000060355806502669083917
0.000000000022966767058883317775
0.000000000004483882910552365826
0.000000000003790382143624727451
0.000000000097605005440422227684
0.000000000099204100303978553669
0.000000000014068055526160006888
