0.000000000000001931059337084978
0.000000000000001928560410068810
0.000000000000001921079137716244
0.000000000000001908661911753994
0.000000000000001891385605392777
0.000000000000001869356909182470
0.000000000000001842711411841722
0.000000000000001811612436510631
0.000000000000001776249645601647
0.000000000000001736837429962402
0.000000000000001693613100379863
0.000000000000001646834901516911
0.000000000000001596779870153352
0.000000000000001543741561081414
0.000000000000001488027665164122
0.000000000000001429957544891934
0.000000000000001369859713262367
0.000000000000001308069281958475
0.000000000000001244925404619307
0.000000000000001180768740488871
0.000000000000001115938962913988
0.000000000000001050772336055076
0.000000000000000985599381800373
0.000000000000000920742657260111
0.000000000000000856514661392483
0.000000000000000793215887309778
0.000000000000000731133034664843
0.000000000000000670537394259884
0.000000000000000611683414687031
0.000000000000000554807458438412
0.000000000000000500126752547227
0.000000000000000447838536473894
0.000000000000000398119407664138
0.000000000000000351124863008301
0.000000000000000306989032349638
0.000000000000000265824598247717
0.000000000000000227722894421528
0.000000000000000192754173692585
0.000000000000000160968034834654
0.000000000000000132393996523519
0.000000000000000107042205573928
0.000000000000000084904265854142
0.000000000000000065954173681161
0.000000000000000050149345117892
0.000000000000000037431720410912
0.000000000000000027728930814972
0.000000000000000020955513236548
0.000000000000000017014158480266
0.000000000000000015796979383941
0.000000000000000017186785763978
0.000000000000000021058353845837
0.000000000000000027279678706387
0.000000000000000035713199188263
0.000000000000000046216985742747
0.000000000000000058645882699704
0.000000000000000072852597533559
0.000000000000000088688730777074
0.000000000000000106005741314547
0.000000000000000124655842849048
0.000000000000000144492828371706
0.000000000000000165372820453701
0.000000000000000187154946123616
0.000000000000000209701935976063
0.000000000000000232880647975169
0.000000000000000256562517163493
0.000000000000000280623933159435
0.000000000000000304946547921902
0.000000000000000329417516778856
0.000000000000000353929676156624
0.000000000000000378381661810719
0.000000000000000402677971648854
0.000000000000000426728977455781
0.000000000000000450450889981647
0.000000000000000473765681945133
0.000000000000000496600973534659
0.000000000000000518889884970961
0.000000000000000540570860627660
0.000000000000000561587469099027
0.000000000000000581888183461578
0.000000000000000601426145804131
0.000000000000000620158919905031
0.000000000000000638048235720699
0.000000000000000655059729121395
0.000000000000000671162680072872
0.000000000000000686329752220552
0.000000000000000700536736589842
0.000000000000000713762301875643
0.000000000000000725987753558760
0.000000000000000737196803859303
0.000000000000000747375354319195
0.000000000000000756511292598978
0.000000000000000764594304879305
0.000000000000000771615705075362
0.000000000000000777568281903075
0.000000000000000782446164679180
0.000000000000000786244708592363
0.000000000000000788960400048873
0.000000000000000790590782572003
0.000000000000000791134403619241
