0.000000000000000851994339224198
0.000000000000000850975691108013
0.000000000000000847925327523667
0.000000000000000842859950118752
0.000000000000000835807259878907
0.000000000000000826805755846759
0.000000000000000815904456030212
0.000000000000000803162543162202
0.000000000000000788648938678657
0.000000000000000772441808945130
0.000000000000000754628008377734
0.000000000000000735302464663386
0.000000000000000714567511781734
0.000000000000000692532176961220
0.000000000000000669311428059968
0.000000000000000645025388145464
0.000000000000000619798524252782
0.000000000000000593758817428436
0.000000000000000567036921215493
0.000000000000000539765315706441
0.000000000000000512077464185359
0.000000000000000484106979203153
0.000000000000000455986804682876
0.000000000000000427848420341043
0.000000000000000399821074340907
0.000000000000000372031049670824
0.000000000000000344600969271784
0.000000000000000317649144429831
0.000000000000000291288970408789
0.000000000000000265628372733954
0.000000000000000240769306955665
0.000000000000000216807314130526
0.000000000000000193831133664828
0.000000000000000171922374576487
0.000000000000000151155245655354
0.000000000000000131596344443379
0.000000000000000113304504421597
0.000000000000000096330699285544
0.000000000000000080718002719124
0.000000000000000066501601643069
0.000000000000000053708860521326
0.000000000000000042359433959533
0.000000000000000032465424526121
0.000000000000000024031582469747
0.000000000000000017055543797250
0.000000000000000011528103014097
0.000000000000000007433516713608
0.000000000000000004749834130915
0.000000000000000003449250750902
0.000000000000000003498481074003
0.000000000000000004859146697233
0.000000000000000007488175957157
0.000000000000000011338211503566
0.000000000000000016358022323940
0.000000000000000022492916915858
0.000000000000000029685154503698
0.000000000000000037874351413555
0.000000000000000046997879952732
0.000000000000000056991257383732
0.000000000000000067788522834067
0.000000000000000079322600238978
0.000000000000000091525645671285
0.000000000000000104329377668106
0.000000000000000117665389415468
0.000000000000000131465441896429
0.000000000000000145661737344136
0.000000000000000160187172566356
0.000000000000000174975571920867
0.000000000000000189961899920365
0.000000000000000205082453630173
0.000000000000000220275035191265
0.000000000000000235479104954375
0.000000000000000250635915847990
0.000000000000000265688629723660
0.000000000000000280582416526502
0.000000000000000295264537227201
0.000000000000000309684411524747
0.000000000000000323793671387100
0.000000000000000337546201540638
0.000000000000000350898168049397
0.000000000000000363808036142587
0.000000000000000376236578454532
0.000000000000000388146874835980
0.000000000000000399504304880597
0.000000000000000410276534286267
0.000000000000000420433496138602
0.000000000000000429947368164573
0.000000000000000438792546958361
0.000000000000000446945620130158
0.000000000000000454385337272482
0.000000000000000461092580578276
0.000000000000000467050335881324
0.000000000000000472243664822873
0.000000000000000476659678779281
0.000000000000000480287515114510
0.000000000000000483118316248743
0.000000000000000485145211960551
0.000000000000000486363305265320
0.000000000000000486769662137131
