0.000000000270773277738657175433
0.000000000249931026540362864005
0.000000000195508799776832910866
0.000000000127335979656375088068
0.000000000066545396391326801964
0.000000000025973966033505959195
0.000000000006837576198102222966
0.000000000002222250176808585019
0.000000000003510520905913456830
0.000000000005069048222628923811
0.000000000005150415480172872100
0.000000000004194262143297553781
0.000000000002950423640581946062
0.000000000001796548680134517358
0.000000000000955117692313912629
0.000000000000681130444654684165
0.000000000001057500586096414676
0.000000000001770958618716544794
0.000000000002278844781771682118
0.000000000002251326800990919592
0.000000000001822752277776459780
0.000000000001405965872275197145
0.000000000001294841231413961362
0.000000000001453782423276980237
0.000000000001636607638885131788
0.000000000001641262040881082559
0.000000000001446225697009141420
0.000000000001167656853696797884
0.000000000000946730765526039516
0.000000000000868341977446584311
0.000000000000924713731233548212
0.000000000001016117993725959830
0.000000000001009390869743743910
0.000000000000845840181244928432
0.000000000000608931013812197127
0.000000000000460226888418286267
0.000000000000482841263834797597
0.000000000000593864898144909603
0.000000000000630787708814548049
0.000000000000523099383739722776
0.000000000000357930116672612418
0.000000000000270549731014289260
0.000000000000294209833957478486
0.000000000000342167253575618124
0.000000000000326447399222406251
0.000000000000257117589876188330
0.000000000000207512016668804209
0.000000000000208040175025200827
0.000000000000212796476978142327
0.000000000000174570332251265273
0.000000000000118191925640771190
0.000000000000109925312537524169
0.000000000000163676633823567462
0.000000000000210956904646099567
0.000000000000179800908798836060
0.000000000000086611371076662407
0.000000000000025096090388951408
0.000000000000061268807514396273
0.000000000000156841404403606499
0.000000000000209410832584590804
0.000000000000162469328514416104
0.000000000000062424749361513468
0.000000000000004765039597455745
0.000000000000034239135972980087
0.000000000000106275997469664872
0.000000000000142198820138849466
0.000000000000110768954695797397
0.000000000000050157025578031300
0.000000000000016778051730999576
0.000000000000025093586882734275
0.000000000000043991403988439177
0.000000000000046000122307778055
0.000000000000045096582521153367
0.000000000000074513145036032728
0.000000000000130797938482670276
0.000000000000158856196607497613
0.000000000000111996544480265808
0.000000000000027222930925200760
0.000000000000017311896575516951
0.000000000000160099030246628216
0.000000000000391434221095150176
0.000000000000534644381242234616
0.000000000000467834366571572939
0.000000000000265145537270286163
0.000000000000143660986790803752
0.000000000000243306888022220892
0.000000000000465993840618502525
0.000000000000565197591194896723
0.000000000000413330879088247753
0.000000000000161790671147377793
0.000000000000103086917827309947
0.000000000000366189403385866417
0.000000000000770049589837993386
0.000000000000995529276585861427
0.000000000000889152900395928870
0.000000000000577079940895561637
0.000000000000295426482954567335
0.000000000000159574300906569331
0.000000000000129511247704792394
