0.000000185329750753344378896064
0.000000002209439469210035990203
0.000000000277490886590674111400
0.000000000250006375865397318916
0.000000000098925862153191965919
0.000000000100575539370026199570
0.000000000258757709189740377901
0.000000000082530216842856751667
0.000000000092458755098200576945
0.000000000209803014018941980585
0.000000000130877937345990117266
0.000000000052597058735248818396
0.000000000081205214504634263277
0.000000000124531354260353548422
0.000000000123672806548198288358
0.000000000098419705759561633594
0.000000000069663211063410173517
0.000000000043705729318148843680
0.000000000041980230304776205995
0.000000000050654554594481638933
0.000000000067450123990432652186
0.000000000071529541579649655197
0.000000000063357286081580505598
0.000000000053734135909484405587
0.000000000037561864014775520902
0.000000000029760227754337385983
0.000000000026646298476129853989
0.000000000023658295320793973591
0.000000000025564106766055902796
0.000000000026952667770532088156
0.000000000024573738704766300634
0.000000000022169646274056755225
0.000000000020684503999766197531
0.000000000017869822854314158782
0.000000000013832314833273945177
0.000000000010552527066137909225
0.000000000008674999906326379142
0.000000000007723465692328054055
0.000000000007133019642057978459
0.000000000006573514307788226954
0.000000000006159620381532884439
0.000000000006148982788893340416
0.000000000006549722515572632988
0.000000000007095467273096798672
0.000000000007251516289110844639
0.000000000006677618183599211857
0.000000000005606161727625573653
0.000000000004308512898186489955
0.000000000002912397950059872062
0.000000000001813856232212386427
0.000000000001345355237227947962
0.000000000001457341915654769539
0.000000000001870665079717597764
0.000000000002226568564431272710
0.000000000002147695543746506171
0.000000000001391716502956690709
0.000000000000664963096286806423
0.000000000000349792162598949010
0.000000000000147353077343734357
0.000000000000003316403675341854
0.000000000000459465274014298037
0.000000000001502775876106312494
0.000000000001888196191337952639
0.000000000000857407825106920905
0.000000000000043022171455417374
0.000000000000343959062131142671
0.000000000000433394674855308276
0.000000000000325465064144271179
0.000000000001307015342605337892
0.000000000001318710401890303358
0.000000000000076262462670747406
0.000000000000775940639675523470
0.000000000001649242579681626607
0.000000000000533198930075157334
0.000000000000451443751037830897
0.000000000000331538738681534454
0.000000000000629120906729888315
0.000000000002302522646445693849
0.000000000000426547652466285638
0.000000000001404940574913984321
0.000000000002797366281101367901
0.000000000000013108217056840007
0.000000000001589527063420925575
0.000000000000094208937601817534
0.000000000004515193535065860187
0.000000000001426024781877238123
0.000000000006897284389174026130
0.000000000000287818685590575966
0.000000000002708346243156952616
0.000000000034378373840429292572
0.000000000023480393969500197024
0.000000000008598259126886069194
0.000000000015876188818076334043
0.000000000058969575343721123780
0.000000000005719609492399530726
0.000000000065693344751984698683
0.000000000046013906146357334852
0.000000000142645565251685998158
0.000000000027533459514938737477
