0.000000000032325844616681911503
0.000000000031451925159118884394
0.000000000028963164895601797431
0.000000000025227081232634092565
0.000000000020760842459066769931
0.000000000016118336463326386286
0.000000000011781480935322502912
0.000000000008084168889116846523
0.000000000005184401709624389178
0.000000000003083507450759818098
0.000000000001677060468304638964
0.000000000000815037279568526773
0.000000000000350565133867717462
0.000000000000165496422650061222
0.000000000000172598744009262051
0.000000000000303457336246324760
0.000000000000494812132198065514
0.000000000000683337178002934194
0.000000000000811940428975910171
0.000000000000843249741030305695
0.000000000000771617129199258670
0.000000000000625534449966306532
0.000000000000457193183274841318
0.000000000000322438788962202781
0.000000000000259304453167759857
0.000000000000274290308695449531
0.000000000000342173310544706074
0.000000000000419057484148700667
0.000000000000462497482376283405
0.000000000000449578725435566391
0.000000000000385109774658275587
0.000000000000296875429708497362
0.000000000000220897313723187385
0.000000000000184047866373168974
0.000000000000192190282362308465
0.000000000000229024318369116484
0.000000000000265548842169470656
0.000000000000275060983012903692
0.000000000000246233624128376327
0.000000000000188069827633367876
0.000000000000124691542814871716
0.000000000000082894013327929735
0.000000000000078780246493519586
0.000000000000110013537545802766
0.000000000000157286659517549381
0.000000000000194021851753213825
0.000000000000199352395753443558
0.000000000000167994529607186905
0.000000000000112322193962605447
0.000000000000055886182783617443
0.000000000000021796085732587037
0.000000000000021764210579996771
0.000000000000051085802998685434
0.000000000000091743846791786693
0.000000000000121772883354138631
0.000000000000126021362756486252
0.000000000000102964212918937085
0.000000000000064401765541264137
0.000000000000028566984830408195
0.000000000000010456957173843770
0.000000000000014455737402628011
0.000000000000032942099323283728
0.000000000000051341474704796055
0.000000000000056688595706553011
0.000000000000044976762397489930
0.000000000000023297212005141359
0.000000000000005621457679262744
0.000000000000004547766161575955
0.000000000000023585599252967315
0.000000000000054373164748736112
0.000000000000080656891707219070
0.000000000000087209544586802523
0.000000000000069034834889386433
0.000000000000035738951243556886
0.000000000000008200560647717037
0.000000000000008592482945390685
0.000000000000048437660491727772
0.000000000000120815819769713836
0.000000000000201207470919642478
0.000000000000257420495332650321
0.000000000000264496569867766397
0.000000000000217692247145446372
0.000000000000137060739154147483
0.000000000000060780552408681038
0.000000000000029573450052537339
0.000000000000068882603770835330
0.000000000000176832047184706069
0.000000000000323618139916630246
0.000000000000462911810986153991
0.000000000000550406741991148973
0.000000000000561381649835499828
0.000000000000499605945212180986
0.000000000000393909690498323941
0.000000000000284393377524485903
0.000000000000204913626359447966
0.000000000000169965484942898315
0.000000000000171725359275995673
0.000000000000187988884766669770
0.000000000000196473379044360815
