0.000000000000205112990839663902
0.000000000000204666285583912248
0.000000000000203331812696176494
0.000000000000201126388566588469
0.000000000000198077669346262035
0.000000000000194223604583535721
0.000000000000189611692728995082
0.000000000000184298058108463519
0.000000000000178346373434980107
0.000000000000171826655618673127
0.000000000000164813965428490986
0.000000000000157387043387485278
0.000000000000149626915105950402
0.000000000000141615499073664604
0.000000000000133434248779573082
0.000000000000125162858974135122
0.000000000000116878063035829208
0.000000000000108652544873558659
0.000000000000100553984734659977
0.000000000000092644253850256228
0.000000000000084978768198283182
0.000000000000077606006961465422
0.000000000000070567196657852688
0.000000000000063896157567813991
0.000000000000057619305098953062
0.000000000000051755795223609457
0.000000000000046317800173128965
0.000000000000041310898234479575
0.000000000000036734559798099967
0.000000000000032582710756386098
0.000000000000028844353932150628
0.000000000000025504229387385749
0.000000000000022543495168950532
0.000000000000019940411219811162
0.000000000000017671010742635679
0.000000000000015709745161267786
0.000000000000014030090896992520
0.000000000000012605108373916046
0.000000000000011407945908945406
0.000000000000010412283351497801
0.000000000000009592712450004584
0.000000000000008925052880876914
0.000000000000008386604636724970
0.000000000000007956339001945256
0.000000000000007615031624649081
0.000000000000007345342214690052
0.000000000000007131846158727098
0.000000000000006961023854129403
0.000000000000006821213840765161
0.000000000000006702535875818521
0.000000000000006596789978491175
0.000000000000006497337198209012
0.000000000000006398967462466331
0.000000000000006297759369356376
0.000000000000006190936234649830
0.000000000000006076722111408253
0.000000000000005954200896185302
0.000000000000005823181041216991
0.000000000000005684067824389920
0.000000000000005537744602256686
0.000000000000005385463996331698
0.000000000000005228749546255919
0.000000000000005069308008871293
0.000000000000004908952190663599
0.000000000000004749533970861266
0.000000000000004592887000186711
0.000000000000004440778440784726
0.000000000000004294869040050997
0.000000000000004156680798121481
0.000000000000004027571488523095
0.000000000000003908715316803267
0.000000000000003801089046014501
0.000000000000003705462974397478
0.000000000000003622396213819221
0.000000000000003552235782597963
0.000000000000003495119089248224
0.000000000000003450979441241139
0.000000000000003419554262786727
0.000000000000003400395746410977
0.000000000000003392883693972010
0.000000000000003396240323650437
0.000000000000003409546830838882
0.000000000000003431761493687783
0.000000000000003461739109639815
0.000000000000003498251539157540
0.000000000000003540009118728233
0.000000000000003585682688888511
0.000000000000003633925966203092
0.000000000000003683397972519633
0.000000000000003732785221916359
0.000000000000003780823356872762
0.000000000000003826317921400379
0.000000000000003868163960982384
0.000000000000003905364147722144
0.000000000000003937045144344658
0.000000000000003962471942606551
0.000000000000003981059939961359
0.000000000000003992384552465558
0.000000000000003996188201147724
