0.000000000000000090829246175408
0.000000000000000090730129098487
0.000000000000000090433237686190
0.000000000000000089939948893669
0.000000000000000089252549328877
0.000000000000000088374222835312
0.000000000000000087309033224760
0.000000000000000086061902275720
0.000000000000000084638583144562
0.000000000000000083045629366565
0.000000000000000081290359652588
0.000000000000000079380818714010
0.000000000000000077325734373449
0.000000000000000075134471241601
0.000000000000000072816981260934
0.000000000000000070383751434992
0.000000000000000067845749077427
0.000000000000000065214364927595
0.000000000000000062501354489478
0.000000000000000059718777957825
0.000000000000000056878939099734
0.000000000000000053994323461386
0.000000000000000051077536268394
0.000000000000000048141240384239
0.000000000000000045198094684709
0.000000000000000042260693197109
0.000000000000000039341505341589
0.000000000000000036452817598187
0.000000000000000033606676907465
0.000000000000000030814836094959
0.000000000000000028088701590351
0.000000000000000025439283691525
0.000000000000000022877149601563
0.000000000000000020412379443744
0.000000000000000018054525435627
0.000000000000000015812574378879
0.000000000000000013694913596619
0.000000000000000011709300425036
0.000000000000000009862835341085
0.000000000000000008161938783356
0.000000000000000006612331698977
0.000000000000000005219019825758
0.000000000000000003986281695993
0.000000000000000002917660326457
0.000000000000000002015958538345
0.000000000000000001283237831361
0.000000000000000000720820717893
0.000000000000000000329296406417
0.000000000000000000108529707882
0.000000000000000000057673025040
0.000000000000000000175181272462
0.000000000000000000458829564310
0.000000000000000000905733497943
0.000000000000000001512371853996
0.000000000000000002274611527699
0.000000000000000003187734501912
0.000000000000000004246466669533
0.000000000000000005445008311525
0.000000000000000006777066036812
0.000000000000000008235885991546
0.000000000000000009814288147724
0.000000000000000011504701484709
0.000000000000000013299199881807
0.000000000000000015189538545569
0.000000000000000017167190801811
0.000000000000000019223385089381
0.000000000000000021349142000346
0.000000000000000023535311219437
0.000000000000000025772608224097
0.000000000000000028051650615376
0.000000000000000030362993958947
0.000000000000000032697167024697
0.000000000000000035044706322542
0.000000000000000037396189841284
0.000000000000000039742269906308
0.000000000000000042073705080768
0.000000000000000044381391043444
0.000000000000000046656390384672
0.000000000000000048889961269634
0.000000000000000051073584925698
0.000000000000000053198991917503
0.000000000000000055258187179972
0.000000000000000057243473785424
0.000000000000000059147475426411
0.000000000000000060963157600833
0.000000000000000062683847490241
0.000000000000000064303252526079
0.000000000000000065815477641903
0.000000000000000067215041212360
0.000000000000000068496889681968
0.000000000000000069656410888485
0.000000000000000070689446086929
0.000000000000000071592300681171
0.000000000000000072361753670420
0.000000000000000072995065818015
0.000000000000000073489986549628
0.000000000000000073844759587410
0.000000000000000074058127325790
0.000000000000000074129333953573
