0.000000000000000583490150439354
0.000000000000000582809491217123
0.000000000000000580771087815557
0.000000000000000577385638679871
0.000000000000000572670893601870
0.000000000000000566651533051779
0.000000000000000559359000748182
0.000000000000000550831290950877
0.000000000000000541112692356523
0.000000000000000530253490850758
0.000000000000000518309633718953
0.000000000000000505342358237009
0.000000000000000491417787850397
0.000000000000000476606499401047
0.000000000000000460983065075202
0.000000000000000444625572919188
0.000000000000000427615129902694
0.000000000000000410035351599879
0.000000000000000391971842607012
0.000000000000000373511671821795
0.000000000000000354742846674581
0.000000000000000335753790326845
0.000000000000000316632825739115
0.000000000000000297467670361306
0.000000000000000278344945015657
0.000000000000000259349700329127
0.000000000000000240564963831346
0.000000000000000222071310569686
0.000000000000000203946459808085
0.000000000000000186264900075073
0.000000000000000169097544512561
0.000000000000000152511418154537
0.000000000000000136569378437531
0.000000000000000121329869916464
0.000000000000000106846713833949
0.000000000000000093168932871600
0.000000000000000080340611101940
0.000000000000000068400788861782
0.000000000000000057383391985544
0.000000000000000047317194571974
0.000000000000000038225814212551
0.000000000000000030127738385982
0.000000000000000023036380522258
0.000000000000000016960164062708
0.000000000000000011902632690094
0.000000000000000007862584775502
0.000000000000000004834229986607
0.000000000000000002807365924616
0.000000000000000001767572604365
0.000000000000000001696422562780
0.000000000000000002571704374326
0.000000000000000004367657366833
0.000000000000000007055215365883
0.000000000000000010602257349180
0.000000000000000014973862962349
0.000000000000000020132570932645
0.000000000000000026038638515302
0.000000000000000032650300216857
0.000000000000000039924024158804
0.000000000000000047814764571656
0.000000000000000056276209041987
0.000000000000000065261019271540
0.000000000000000074721064246497
0.000000000000000084607644854672
0.000000000000000094871709127492
0.000000000000000105464057420604
0.000000000000000116335536980693
0.000000000000000127437225475388
0.000000000000000138720603187115
0.000000000000000150137713689434
0.000000000000000161641312935219
0.000000000000000173185006789289
0.000000000000000184723377133401
0.000000000000000196212096758488
0.000000000000000207608033337490
0.000000000000000218869342841898
0.000000000000000229955552826282
0.000000000000000240827636057569
0.000000000000000251448075009903
0.000000000000000261780917781749
0.000000000000000271791826019701
0.000000000000000281448115453691
0.000000000000000290718789661172
0.000000000000000299574567683853
0.000000000000000307987906120132
0.000000000000000315933016309810
0.000000000000000323385877215623
0.000000000000000330324244588792
0.000000000000000336727656983865
0.000000000000000342577439161791
0.000000000000000347856703390071
0.000000000000000352550349115183
0.000000000000000356645061445827
0.000000000000000360129308846138
0.000000000000000362993340396263
0.000000000000000365229182933961
0.000000000000000366830638345391
0.000000000000000367793281226358
0.000000000000000368114457087302
