0.000000001889837633921086480439
0.000000001402544849599646540928
0.000000000514072368716141320394
0.000000000046733193492307292917
0.000000000013849734710368792669
0.000000000031430646510530678020
0.000000000005940559764153684039
0.000000000003574130600189692731
0.000000000007780337885648893723
0.000000000001850327366602608584
0.000000000001697981057177163852
0.000000000003055644151163451005
0.000000000000889856256979449674
0.000000000001007521098952156399
0.000000000001521368308202634194
0.000000000000548740701433193347
0.000000000000666624709832725454
0.000000000000880315827906759264
0.000000000000390145845952012985
0.000000000000471625334152883642
0.000000000000567773746299178447
0.000000000000301565891690971305
0.000000000000351035664037000136
0.000000000000398905738118912172
0.000000000000246280730637523753
0.000000000000273478061592610792
0.000000000000301114163983467898
0.000000000000210032308645471391
0.000000000000222975504345492906
0.000000000000242033548456434942
0.000000000000186346866876750617
0.000000000000190536292603862597
0.000000000000205781412001972461
0.000000000000171769416410917280
0.000000000000170750172454382138
0.000000000000183917185264862292
0.000000000000164119578798079899
0.000000000000160209360226923673
0.000000000000171639549496412662
0.000000000000161786578852324584
0.000000000000156676789332184340
0.000000000000166085398350406849
0.000000000000163429721908682677
0.000000000000158577454910377578
0.000000000000165538603728057198
0.000000000000167884864650364340
0.000000000000164635524058665974
0.000000000000169015959195009619
0.000000000000174220704072042199
0.000000000000173618026754083661
0.000000000000175941721405380920
0.000000000000181891022135400263
0.000000000000184252620957488752
0.000000000000185771743742824947
0.000000000000190836471984198045
0.000000000000195417230096407785
0.000000000000197632890099170150
0.000000000000201306391627970441
0.000000000000206540845394347618
0.000000000000210272665082091481
0.000000000000213316300627442247
0.000000000000217819388329151149
0.000000000000222572219751341636
0.000000000000226142483923006106
0.000000000000229747000447297149
0.000000000000234269308278927402
0.000000000000238599785635094290
0.000000000000242168098587311406
0.000000000000245883372561974242
0.000000000000250106750400867430
0.000000000000254092563349103520
0.000000000000257560188428097528
0.000000000000261078676172973135
0.000000000000264872518772530828
0.000000000000268497294836788269
0.000000000000271728327107191656
0.000000000000274877867172005728
0.000000000000278155673510778059
0.000000000000281343104002872198
0.000000000000284224747245202692
0.000000000000286916640070155965
0.000000000000289610664603844015
0.000000000000292263564469172257
0.000000000000294705184840360140
0.000000000000296905979951617543
0.000000000000298983422222205185
0.000000000000301002639058440725
0.000000000000302895147935407051
0.000000000000304575941556251869
0.000000000000306056157748772321
0.000000000000307406416960415699
0.000000000000308652168242923181
0.000000000000309746691341032838
0.000000000000310638147827617592
0.000000000000311332118152337075
0.000000000000311878154209716586
0.000000000000312308303720565638
0.000000000000312601472498527971
0.000000000000312707698560358759
