0.000000000000000135318142049893
0.000000000000000135169060325537
0.000000000000000134722519672094
0.000000000000000133980629673452
0.000000000000000132946893080917
0.000000000000000131626186078626
0.000000000000000130024730850575
0.000000000000000128150060642592
0.000000000000000126010977564795
0.000000000000000123617503430148
0.000000000000000120980823972062
0.000000000000000118113226828354
0.000000000000000115028033719759
0.000000000000000111739527288340
0.000000000000000108262873094188
0.000000000000000104614037297604
0.000000000000000100809700578153
0.000000000000000096867168861574
0.000000000000000092804281440310
0.000000000000000088639317083349
0.000000000000000084390898736181
0.000000000000000080077897411942
0.000000000000000075719335870418
0.000000000000000071334292672511
0.000000000000000066941807184399
0.000000000000000062560786087954
0.000000000000000058209911932453
0.000000000000000053907554237398
0.000000000000000049671683627690
0.000000000000000045519789450902
0.000000000000000041468801292147
0.000000000000000037535014765651
0.000000000000000033734021923785
0.000000000000000030080646584503
0.000000000000000026588884837277
0.000000000000000023271850945981
0.000000000000000020141728825351
0.000000000000000017209729225753
0.000000000000000014486052719648
0.000000000000000011979858542479
0.000000000000000009699239301192
0.000000000000000007651201525447
0.000000000000000005841652000107
0.000000000000000004275389783000
0.000000000000000002956103779549
0.000000000000000001886375715682
0.000000000000000001067688322820
0.000000000000000000500438523630
0.000000000000000000183955384883
0.000000000000000000116522584089
0.000000000000000000295405119764
0.000000000000000000716879981093
0.000000000000000001376270481483
0.000000000000000002267983951914
0.000000000000000003385552484080
0.000000000000000004721676409948
0.000000000000000006268270203439
0.000000000000000008016510491343
0.000000000000000009956885864161
0.000000000000000012079248183135
0.000000000000000014372865087207
0.000000000000000016826473412736
0.000000000000000019428333249455
0.000000000000000022166282368044
0.000000000000000025027790767801
0.000000000000000028000015106856
0.000000000000000031069852792164
0.000000000000000034223995521861
0.000000000000000037448982088307
0.000000000000000040731250266170
0.000000000000000044057187625959
0.000000000000000047413181129469
0.000000000000000050785665379400
0.000000000000000054161169410896
0.000000000000000057526361927818
0.000000000000000060868094900996
0.000000000000000064173445459585
0.000000000000000067429756019711
0.000000000000000070624672606902
0.000000000000000073746181340216
0.000000000000000076782643056517
0.000000000000000079722826062875
0.000000000000000082555937013715
0.000000000000000085271649916899
0.000000000000000087860133279562
0.000000000000000090312075410134
0.000000000000000092618707897631
0.000000000000000094771827292958
0.000000000000000096763815019765
0.000000000000000098587655544216
0.000000000000000100236952834078
0.000000000000000101705945137718
0.000000000000000102989518113090
0.000000000000000104083216335519
0.000000000000000104983253211259
0.000000000000000105686519321370
0.000000000000000106190589217514
0.000000000000000106493726687962
0.000000000000000106594888508371
