0.000000045127630574834224516918
0.000000008745282581555780457962
0.000000000966455099514684531520
0.000000000033087495606445560170
0.000000000184869955677851309265
0.000000000055094634486072472905
0.000000000151137755708459111991
0.000000000053434717632529839834
0.000000000059432193851733983847
0.000000000050028478321315343694
0.000000000086218257122366943720
0.000000000041473785303772361263
0.000000000069016198413281703642
0.000000000019063369369587376605
0.000000000057484679932496477108
0.000000000028715000538311983019
0.000000000050016404023421668220
0.000000000046142480229877510495
0.000000000022143741528190918264
0.000000000039328372845720320179
0.000000000019830758448809083800
0.000000000020712098459230931821
0.000000000028310119141214433583
0.000000000016195946271835949884
0.000000000022770583987649030618
0.000000000021933813739458421544
0.000000000017477685686489936088
0.000000000017312173772047583873
0.000000000016848768755368580288
0.000000000014326802174117035128
0.000000000013322561824290987040
0.000000000009748483270644845153
0.000000000012003649648712870465
0.000000000009477265406006112218
0.000000000006282058344052165731
0.000000000007365170929591767970
0.000000000008368626262924400926
0.000000000004519512875272837163
0.000000000004127859194408446957
0.000000000005524726990014173774
0.000000000004660886687654845192
0.000000000002542511350166774040
0.000000000002329831190230337266
0.000000000004518265688082920223
0.000000000002697662780977285487
0.000000000000927686387278570650
0.000000000002651646856021312347
0.000000000001977008144450649255
0.000000000001130444939305284933
0.000000000001228990511093897255
0.000000000000704242847902527719
0.000000000001676286017024663652
0.000000000000971225692184955935
0.000000000000276582475006314405
0.000000000001442574000467981741
0.000000000000371926294215248697
0.000000000000564925347079815793
0.000000000000707648095343619318
0.000000000000127160016561371780
0.000000000000865701301083592850
0.000000000000064468682379930103
0.000000000000670227157518585106
0.000000000000509174332109250943
0.000000000000174282018873108946
0.000000000000632889192177204500
0.000000000000010643602772329805
0.000000000000677752548850968352
0.000000000000072801925467996203
0.000000000000715655183188116232
0.000000000000269655578568170754
0.000000000000267105472458216980
0.000000000000212144593209735186
0.000000000000567089625426284323
0.000000000000659814292940316850
0.000000000000061407230002413050
0.000000000000242446587707724763
0.000000000000573431200481375089
0.000000000000861634422778076315
0.000000000000011871052123318243
0.000000000000361823545791858530
0.000000000000787644869353729208
0.000000000001269978404595521943
0.000000000000600410375578960874
0.000000000000023116464034035299
0.000000000005120922917117255152
0.000000000001279634910921247525
0.000000000000517349355170683734
0.000000000006558640715957302767
0.000000000000062529335031519208
0.000000000003365757432727957205
0.000000000000669524125487942572
0.000000000017991107960820768529
0.000000000007425790855783545558
0.000000000003293308984084238491
0.000000000006937023425908998608
0.000000000034364400828934040031
0.000000000001963650646879576240
0.000000000034212532311618542071
0.000000000002218274958560916279
