0.000000000000004960603642973610
0.000000000000004953118883003365
0.000000000000004930721486729534
0.000000000000004893581482662651
0.000000000000004841980185846407
0.000000000000004776307130000927
0.000000000000004697055833673178
0.000000000000004604818460253310
0.000000000000004500279447004701
0.000000000000004384208192236892
0.000000000000004257450902190782
0.000000000000004120921709903100
0.000000000000003975593187106036
0.000000000000003822486376971244
0.000000000000003662660480139233
0.000000000000003497202328941425
0.000000000000003327215785021094
0.000000000000003153811193730771
0.000000000000002978095024806794
0.000000000000002801159823013069
0.000000000000002624074584855596
0.000000000000002447875668277321
0.000000000000002273558331653813
0.000000000000002102068986649659
0.000000000000001934298236802964
0.000000000000001771074760330410
0.000000000000001613160081841136
0.000000000000001461244263666035
0.000000000000001315942533595299
0.000000000000001177792852205304
0.000000000000001047254409864615
0.000000000000000924707031137460
0.000000000000000810451452828246
0.000000000000000704710431484475
0.000000000000000607630626922937
0.000000000000000519285200362571
0.000000000000000439677059105631
0.000000000000000368742674447363
0.000000000000000306356395626439
0.000000000000000252335180140613
0.000000000000000206443659607206
0.000000000000000168399460486204
0.000000000000000137878700325888
0.000000000000000114521582640747
0.000000000000000097938016979102
0.000000000000000087713195062667
0.000000000000000083413058953683
0.000000000000000084589602894341
0.000000000000000090785956632959
0.000000000000000101541204568013
0.000000000000000116394901774223
0.000000000000000134891254799683
0.000000000000000156582941922574
0.000000000000000181034554222447
0.000000000000000207825645257357
0.000000000000000236553383258651
0.000000000000000266834805486685
0.000000000000000298308679672534
0.000000000000000330636982254805
0.000000000000000363506007371667
0.000000000000000396627124262589
0.000000000000000429737203860447
0.000000000000000462598737911154
0.000000000000000494999675953549
0.000000000000000526753006944212
0.000000000000000557696113245010
0.000000000000000587689925137069
0.000000000000000616617904020146
0.000000000000000644384882042010
0.000000000000000670915785122464
0.000000000000000696154265236988
0.000000000000000720061266452763
0.000000000000000742613547612233
0.000000000000000763802182782782
0.000000000000000783631058680775
0.000000000000000802115386277054
0.000000000000000819280241739719
0.000000000000000835159149806145
0.000000000000000849792720634127
0.000000000000000863227349192707
0.000000000000000875513984343794
0.000000000000000886706972959846
0.000000000000000896862982740410
0.000000000000000906040005847519
0.000000000000000914296444089507
0.000000000000000921690275154189
0.000000000000000928278298331479
0.000000000000000934115457275863
0.000000000000000939254236640820
0.000000000000000943744128868288
0.000000000000000947631167032268
0.000000000000000950957519409786
0.000000000000000953761141376867
0.000000000000000956075480291468
0.000000000000000957929229218455
0.000000000000000959346125660969
0.000000000000000960344791874368
0.000000000000000960938613838941
0.000000000000000961135656540573
