0.000000000000005916011707425224
0.000000000000005906755626991894
0.000000000000005879060782350785
0.000000000000005833146523922066
0.000000000000005769375649670562
0.000000000000005688250269360133
0.000000000000005590406100409578
0.000000000000005476605279365899
0.000000000000005347727794370175
0.000000000000005204761663446553
0.000000000000005048792000658877
0.000000000000004880989126863258
0.000000000000004702595893703543
0.000000000000004514914398472954
0.000000000000004319292273384107
0.000000000000004117108735598229
0.000000000000003909760584072356
0.000000000000003698648325962059
0.000000000000003485162609095903
0.000000000000003270671128099999
0.000000000000003056506160328775
0.000000000000002843952874125936
0.000000000000002634238536407448
0.000000000000002428522729463346
0.000000000000002227888668574109
0.000000000000002033335692897714
0.000000000000001845772982476226
0.000000000000001666014534501204
0.000000000000001494775412518296
0.000000000000001332669263376398
0.000000000000001180207078743391
0.000000000000001037797161195173
0.000000000000000905746239478758
0.000000000000000784261663756113
0.000000000000000673454599614688
0.000000000000000573344129502633
0.000000000000000483862162088539
0.000000000000000404859043892338
0.000000000000000336109763381398
0.000000000000000277320635531302
0.000000000000000228136354538058
0.000000000000000188147303829852
0.000000000000000156897015628334
0.000000000000000133889676895526
0.000000000000000118597584399316
0.000000000000000110468458651822
0.000000000000000108932534426064
0.000000000000000113409354239292
0.000000000000000123314200408310
0.000000000000000138064110840002
0.000000000000000157083433433845
0.000000000000000179808883668253
0.000000000000000205694079458504
0.000000000000000234213536565780
0.000000000000000264866116576820
0.000000000000000297177927652352
0.000000000000000330704685769329
0.000000000000000365033550985596
0.000000000000000399784459283232
0.000000000000000434610975763935
0.000000000000000469200699359177
0.000000000000000503275252778114
0.000000000000000536589894160776
0.000000000000000568932788859086
0.000000000000000600123980971555
0.000000000000000630014104756130
0.000000000000000658482875894720
0.000000000000000685437401843451
0.000000000000000710810349240099
0.000000000000000734558004622605
0.000000000000000756658262609674
0.000000000000000777108573275465
0.000000000000000795923877783577
0.000000000000000813134558496713
0.000000000000000828784426810119
0.000000000000000842928768927887
0.000000000000000855632466765602
0.000000000000000866968208169726
0.000000000000000877014797737517
0.000000000000000885855576739727
0.000000000000000893576958024721
0.000000000000000900267079344773
0.000000000000000906014576315387
0.000000000000000910907474213844
0.000000000000000915032196056239
0.000000000000000918472682871058
0.000000000000000921309620815538
0.000000000000000923619768758822
0.000000000000000925475379179635
0.000000000000000926943704689563
0.000000000000000928086582186668
0.000000000000000928960086556636
0.000000000000000929614245956361
0.000000000000000930092811022384
0.000000000000000930433070827290
0.000000000000000930665709042968
0.000000000000000930814694541507
0.000000000000000930897201552861
0.000000000000000930923555482650
