0.000000000000000020730747671079
0.000000000000000020708668045114
0.000000000000000020642526799349
0.000000000000000020532616350942
0.000000000000000020379422467117
0.000000000000000020183621882768
0.000000000000000019946078984324
0.000000000000000019667841578958
0.000000000000000019350135773420
0.000000000000000018994359991805
0.000000000000000018602078166426
0.000000000000000018175012140528
0.000000000000000017715033325927
0.000000000000000017224153662637
0.000000000000000016704515931292
0.000000000000000016158383472460
0.000000000000000015588129369950
0.000000000000000014996225157779
0.000000000000000014385229112657
0.000000000000000013757774195597
0.000000000000000013116555707633
0.000000000000000012464318725529
0.000000000000000011803845383876
0.000000000000000011137942070059
0.000000000000000010469426598239
0.000000000000000009801115427747
0.000000000000000009135810990204
0.000000000000000008476289188107
0.000000000000000007825287125836
0.000000000000000007185491131768
0.000000000000000006559525127722
0.000000000000000005949939399127
0.000000000000000005359199816226
0.000000000000000004789677553350
0.000000000000000004243639349754
0.000000000000000003723238351817
0.000000000000000003230505572571
0.000000000000000002767342000547
0.000000000000000002335511385885
0.000000000000000001936633727530
0.000000000000000001572179481202
0.000000000000000001243464503684
0.000000000000000000951645744857
0.000000000000000000697717694838
0.000000000000000000482509589605
0.000000000000000000306683374606
0.000000000000000000170732422080
0.000000000000000000074980994213
0.000000000000000000019584440795
0.000000000000000000004530116764
0.000000000000000000029639001938
0.000000000000000000094568002360
0.000000000000000000198812910012
0.000000000000000000341711995201
0.000000000000000000522450203719
0.000000000000000000740063928873
0.000000000000000000993446326737
0.000000000000000001281353141471
0.000000000000000001602409006223
0.000000000000000001955114184121
0.000000000000000002337851712978
0.000000000000000002748894916738
0.000000000000000003186415246262
0.000000000000000003648490411851
0.000000000000000004133112769867
0.000000000000000004638197925976
0.000000000000000005161593517851
0.000000000000000005701088140660
0.000000000000000006254420379266
0.000000000000000006819287911841
0.000000000000000007393356650438
0.000000000000000007974269885041
0.000000000000000008559657398688
0.000000000000000009147144522376
0.000000000000000009734361099674
0.000000000000000010318950332235
0.000000000000000010898577478663
0.000000000000000011470938380559
0.000000000000000012033767790889
0.000000000000000012584847481190
0.000000000000000013122014105475
0.000000000000000013643166800066
0.000000000000000014146274499915
0.000000000000000014629382953279
0.000000000000000015090621417932
0.000000000000000015528209023323
0.000000000000000015940460784343
0.000000000000000016325793253530
0.000000000000000016682729799702
0.000000000000000017009905502104
0.000000000000000017306071650213
0.000000000000000017570099840395
0.000000000000000017800985661540
0.000000000000000017997851962801
0.000000000000000018159951697421
0.000000000000000018286670337529
0.000000000000000018377527855630
0.000000000000000018432180269306
0.000000000000000018450420746477
