0.000000001940521954587925045013
0.000000001530593391589986917896
0.000000000710219590221206591173
0.000000000149369055623637210626
0.000000000004536531845799295045
0.000000000015652816260259182870
0.000000000015321172039431224594
0.000000000012936888279965961474
0.000000000014697437940806373030
0.000000000007561428907481344773
0.000000000006672799157665874431
0.000000000016602618681467947994
0.000000000018046836473475262436
0.000000000009302839475641969371
0.000000000005858738125156883873
0.000000000009080733379835113170
0.000000000009193653500464578347
0.000000000005183229140750190763
0.000000000003236922726361822281
0.000000000004578377631424950892
0.000000000005087687118524593946
0.000000000003464144398664707071
0.000000000002732457613812569314
0.000000000003922042321428915738
0.000000000004286182348114259598
0.000000000002874115711659219198
0.000000000002318180631554578044
0.000000000003391038004127487181
0.000000000003435945552821782844
0.000000000002122024022526011618
0.000000000002064962376019033075
0.000000000002798838667799021041
0.000000000002126106298698655065
0.000000000001448762690924396585
0.000000000002003602527620969338
0.000000000001847432504469333756
0.000000000001080773792082997631
0.000000000001380056516729892555
0.000000000001515419663783459806
0.000000000000852589532801305181
0.000000000000939443219850772341
0.000000000001169129624304353295
0.000000000000648301841657998968
0.000000000000666890029857938854
0.000000000000947638406790060161
0.000000000000463197655995987440
0.000000000000397044244958562946
0.000000000000823134704629714474
0.000000000000449838805073953185
0.000000000000153269734420869306
0.000000000000589990378721005350
0.000000000000516076532967444021
0.000000000000099909602428996870
0.000000000000271596260409370308
0.000000000000403352965667088002
0.000000000000178824908872900178
0.000000000000133061738739687020
0.000000000000154388386310366771
0.000000000000137471729942177630
0.000000000000221645583819060584
0.000000000000133439758278215985
0.000000000000013078724158535657
0.000000000000232790176934092070
0.000000000000323736054224806736
0.000000000000063195757946731080
0.000000000000055101028092180610
0.000000000000262675210483600300
0.000000000000176346416252691121
0.000000000000010485190889933792
0.000000000000032175076984086010
0.000000000000053716685699948753
0.000000000000086623563300923977
0.000000000000129472126595155099
0.000000000000038264163880855126
0.000000000000082895880023206599
0.000000000000297806907208622007
0.000000000000202841369487586920
0.000000000000022835971825248818
0.000000000000159311160776121645
0.000000000000171987434148079064
0.000000000000144865618968140299
0.000000000000435837716788986387
0.000000000000286236428551969597
0.000000000000074540165013216909
0.000000000001167638446996517873
0.000000000001953186452292544852
0.000000000000901861141512898323
0.000000000000462908195164997613
0.000000000001149939666526884306
0.000000000000555458077465212531
0.000000000000056669992202334676
0.000000000000885558395823095658
0.000000000000404131136416221455
0.000000000000511195891915680579
0.000000000004775257417988448086
0.000000000008256992098224403036
0.000000000006922683220743490921
0.000000000005311976756145535424
0.000000000005328098567691754549
