0.000000000000000457635156525658
0.000000000000000457108210841723
0.000000000000000455530077576207
0.000000000000000452908850362967
0.000000000000000449257959659600
0.000000000000000444596084876733
0.000000000000000438947032408150
0.000000000000000432339580597136
0.000000000000000424807292950728
0.000000000000000416388301175745
0.000000000000000407125059855549
0.000000000000000397064074812110
0.000000000000000386255607401708
0.000000000000000374753357172586
0.000000000000000362614125467359
0.000000000000000349897462680625
0.000000000000000336665301982085
0.000000000000000322981582386771
0.000000000000000308911864096610
0.000000000000000294522939051336
0.000000000000000279882439612351
0.000000000000000265058448261056
0.000000000000000250119111124623
0.000000000000000235132258048441
0.000000000000000220165031817184
0.000000000000000205283528987424
0.000000000000000190552454636140
0.000000000000000176034793153432
0.000000000000000161791497016769
0.000000000000000147881195280596
0.000000000000000134359923301665
0.000000000000000121280874999667
0.000000000000000108694178727180
0.000000000000000096646697595190
0.000000000000000085181854872961
0.000000000000000074339484856232
0.000000000000000064155709377845
0.000000000000000054662839922095
0.000000000000000045889305100264
0.000000000000000037859603051715
0.000000000000000030594278154152
0.000000000000000024109921259485
0.000000000000000018419192519346
0.000000000000000013530865727557
0.000000000000000009449892986378
0.000000000000000006177488399714
0.000000000000000003711229409713
0.000000000000000002045174323539
0.000000000000000001169994524223
0.000000000000000001073119823133
0.000000000000000001738895391208
0.000000000000000003148748700930
0.000000000000000005281364920406
0.000000000000000008112869223764
0.000000000000000011617014517521
0.000000000000000015765373129398
0.000000000000000020527531063149
0.000000000000000025871283489134
0.000000000000000031762830214335
0.000000000000000038166969956109
0.000000000000000045047292329917
0.000000000000000052366366551379
0.000000000000000060085925946127
0.000000000000000068167047455948
0.000000000000000076570325425472
0.000000000000000085256039049341
0.000000000000000094184312954294
0.000000000000000103315270483162
0.000000000000000112609179337625
0.000000000000000122026589323016
0.000000000000000131528462020906
0.000000000000000141076292293103
0.000000000000000150632221593715
0.000000000000000160159143133617
0.000000000000000169620799003792
0.000000000000000178981869420438
0.000000000000000188208054305250
0.000000000000000197266147458902
0.000000000000000206124103624406
0.000000000000000214751098769862
0.000000000000000223117583947147
0.000000000000000231195333104497
0.000000000000000238957485246928
0.000000000000000246378581349228
0.000000000000000253434596431970
0.000000000000000260102967212095
0.000000000000000266362615736176
0.000000000000000272193969396903
0.000000000000000277578977721876
0.000000000000000282501126308777
0.000000000000000286945448262648
0.000000000000000290898533469726
0.000000000000000294348536018279
0.000000000000000297285180050467
0.000000000000000299699764300738
0.000000000000000301585165545850
0.000000000000000302935841159635
0.000000000000000303747830932291
0.000000000000000304018758279613
