0.000000223128842551468842150228
0.000000001530285396497083746779
0.000000000303494894637525363648
0.000000000210150093427509909119
0.000000000057251487792625085839
0.000000000412867646857485191529
0.000000000110872327697547975216
0.000000000082607043504437231645
0.000000000243415411201119910652
0.000000000176315220728705456985
0.000000000072961045324169059232
0.000000000061813195699115818984
0.000000000119050893022324942688
0.000000000151035980236537319430
0.000000000133202583425232654685
0.000000000095006152501347724873
0.000000000071162583882678629679
0.000000000061962488737416769126
0.000000000052055365138779541152
0.000000000047405063235023726397
0.000000000050991261754181956549
0.000000000056338242902256328712
0.000000000066514882138153869543
0.000000000063201300833984547610
0.000000000058154850107941055851
0.000000000053090081160472246462
0.000000000043224610111884855906
0.000000000037593533762792208226
0.000000000037440266245657804858
0.000000000035601013973043943888
0.000000000032694126660506959454
0.000000000031504193888074545497
0.000000000029536398431241568798
0.000000000024542800745711200618
0.000000000018095845331619085539
0.000000000012975579158859092086
0.000000000010130459570492404651
0.000000000009070268474230133766
0.000000000009134433668334297093
0.000000000009660690773613882127
0.000000000010058119114325550304
0.000000000010012348166207180353
0.000000000009377586707244751882
0.000000000008108464078919103684
0.000000000006524416510184382382
0.000000000005018647494760246622
0.000000000003651891198898336372
0.000000000002491129229945915705
0.000000000001768650372206795204
0.000000000001375604325146801524
0.000000000001090172310607338977
0.000000000000937922565735467661
0.000000000000879400669327653736
0.000000000000984546686135797605
0.000000000001420193867661830618
0.000000000002001981069534612243
0.000000000001984735783245004613
0.000000000001175003505863021793
0.000000000000761953233804895397
0.000000000000981090696062663111
0.000000000001031295617651581042
0.000000000000293735459787901079
0.000000000000062431294736789269
0.000000000000617553392328458481
0.000000000000598966545042528924
0.000000000000194355445904875988
0.000000000000969578162371996571
0.000000000001197833614750913969
0.000000000000369998479441776739
0.000000000000397167349435831619
0.000000000000454085024375227507
0.000000000000217837452396707106
0.000000000001454821375035536900
0.000000000001411865580361699903
0.000000000000179252321018072789
0.000000000000464666466915425745
0.000000000000451500532335890132
0.000000000001764572675769727054
0.000000000001195482671117366676
0.000000000000189219210845719479
0.000000000002170403459612429713
0.000000000000413336968573539667
0.000000000001512527002150022250
0.000000000000949431870571851963
0.000000000004063073688390725776
0.000000000011913674870504735480
0.000000000008094090702760499509
0.000000000011943116198728124518
0.000000000003300070234052897088
0.000000000004168815837515263686
0.000000000013738958421102725371
0.000000000002332002318363296380
0.000000000025956408210101327121
0.000000000026018151019787536664
0.000000000009177921383046458095
0.000000000087434988759611342429
0.000000000029601301175577332250
0.000000000213322051538396630121
0.000000000029119812226072358244
