0.000000352867568881047118539593
0.000000000083353379881887734577
0.000000001663892528546731169102
0.000000000445564935723305154490
0.000000000276259250569334771415
0.000000000325929021242542076240
0.000000000275764720569957346889
0.000000000150784963531303636635
0.000000000049985411143656922811
0.000000000179049533220322347930
0.000000000170163190699509036447
0.000000000195658819307606235652
0.000000000211133050526389348007
0.000000000162965194664650050912
0.000000000109419963588104910396
0.000000000108282580876894881096
0.000000000104798744714933019001
0.000000000092405100841311128252
0.000000000069533128425773010073
0.000000000069834053283173508113
0.000000000070481900325607353516
0.000000000071898770696054060704
0.000000000073438729490752612445
0.000000000063930754056495274108
0.000000000054791347496110918010
0.000000000052858400310897913520
0.000000000052016406669717132855
0.000000000048911815824056948977
0.000000000045437953291962342288
0.000000000041576903691238657638
0.000000000034819786542781353358
0.000000000027020734188059170974
0.000000000023206825839416280212
0.000000000024147051713143702386
0.000000000025256456032157490977
0.000000000022205712601321899431
0.000000000015709910945500562565
0.000000000011099465263009380337
0.000000000011930698112131833304
0.000000000014764997287040954183
0.000000000013462276771088262502
0.000000000007906235785652145191
0.000000000004534746888370816873
0.000000000006872894189112830340
0.000000000010267077961816941013
0.000000000008975198335406727588
0.000000000004595082546377871117
0.000000000002720424366095666001
0.000000000004308311635539531040
0.000000000005638406346211329745
0.000000000004500667743766635859
0.000000000002315696460101757730
0.000000000001354390789129037803
0.000000000001873809457839426294
0.000000000002325741076490677568
0.000000000001938979867114120293
0.000000000001439518940940276582
0.000000000001214406741832867375
0.000000000001354677456174097278
0.000000000001774562265115221936
0.000000000001780903101174980159
0.000000000001533160105125454786
0.000000000001353263460255762882
0.000000000001549284828693313570
0.000000000001448390440660162449
0.000000000000641846327932953276
0.000000000000400083167528013926
0.000000000000357495172232176206
0.000000000000061921318490197011
0.000000000000577958629570098776
0.000000000001015504425216762108
0.000000000000787139301594381862
0.000000000001498852879886257725
0.000000000001410110973514912012
0.000000000000201335858300659786
0.000000000000765742444191019163
0.000000000000307582991148407971
0.000000000001476447343254580726
0.000000000001713276537544373481
0.000000000000264456348008621522
0.000000000001466530862713785501
0.000000000000119313520161262830
0.000000000001721217661633487186
0.000000000000725003681886916899
0.000000000003199560183326634963
0.000000000002427563735866640140
0.000000000015254645397962316899
0.000000000002178523269791852116
0.000000000002341093914224680373
0.000000000013173952312574964600
0.000000000006359116107262648039
0.000000000001947319935538616424
0.000000000069823515688401345825
0.000000000019224121678704710568
0.000000000003874925544619153144
0.000000000003343615570104613176
0.000000000082211048198506509785
0.000000000172272738667344664891
0.000000000018951872668484572190
